File	F3-4.dat

t(sec)	z(m)
0	2.46432212
0.25	2.480733945
0.5	2.494087666
0.75	2.524668705
1	2.539653415
1.25	2.574923547
1.5	2.636901121
1.75	2.714576962
2	2.819775739
2.25	2.94138634
2.5	3.056778797
2.75	3.142303772
3	3.176044852
3.25	3.165137615
3.5	3.122731906
3.75	3.058409786
4	2.962589195
4.25	2.836289501
4.5	2.70285423
4.75	2.587461774
5	2.501936799
5.25	2.462691131
5.5	2.450152905
5.75	2.462691131
6	2.497247706
6.25	2.541182467
6.5	2.602446483
6.75	2.661264016
7	2.730275229
7.25	2.800203874
7.5	2.850356779
7.75	2.877879715
8	2.894291539
8.25	2.860550459
8.5	2.829153925
8.75	2.780530071
9	2.724057085
9.25	2.684811417
9.5	2.636187564
9.75	2.622018349
10	2.623547401
10.25	2.646381244
10.5	2.680122324
10.75	2.684811417
11	2.684811417
11.25	2.655759429
11.5	2.600815494
11.75	2.542711519
12	2.477573904
12.25	2.424260958
12.5	2.393679918
12.75	2.404587156
13	2.432110092
13.25	2.476044852
13.5	2.53883792
13.75	2.599286442
14	2.665953109
14.25	2.724057085
14.5	2.766462793
14.75	2.826095821
15	2.85667686
15.25	2.906116208
15.5	2.939857288
15.75	2.979918451
16	3.016004077
16.25	3.037206932
16.5	3.045056065
16.75	3.016004077
17	2.964220183
17.25	2.877879715
17.5	2.763302752
17.75	2.636901121
18	2.501936799
18.25	2.370846075
18.5	2.253924567
18.75	2.15351682
19	2.100101937
19.25	2.096941896
19.5	2.125993884
19.75	2.193476045
20	2.287665647
20.25	2.393679918
20.5	2.501936799
20.75	2.620489297
21	2.722426096
21.25	2.818246687
21.5	2.899082569
21.75	2.964220183
22	2.961060143
22.25	2.94617737
22.5	2.905300714
22.75	2.848827727
23	2.775840979
23.25	2.724057085
23.5	2.690316004
23.75	2.661264016
24	2.649439348
24.25	2.657288481
24.5	2.667584098
24.75	2.664424057
25	2.66911315
25.25	2.678491335
25.5	2.696534149
25.75	2.720897044
26	2.764831804
26.25	2.804892966
26.5	2.829153925
26.75	2.847298675
27	2.85351682
27.25	2.848827727
27.5	2.842507645
27.75	2.82293578
28	2.804892966
28.25	2.79235474
28.5	2.803261978
28.75	2.801732926
29	2.808053007
29.25	2.808053007
29.5	2.82293578
29.75	2.839449541
30	2.863710499
30.25	2.859021407
30.5	2.855147808
30.75	2.827624873
31	2.777370031
31.25	2.735066259
31.5	2.687155963
31.75	2.643221203
32	2.610295617
32.25	2.603975535
32.5	2.611824669
32.75	2.643221203
33	2.664424057
33.25	2.695005097
33.5	2.706014271
33.75	2.719367992
34	2.730275229
34.25	2.731906218
34.5	2.711518858
34.75	2.693476045
35	2.687155963
35.25	2.685626911
35.5	2.691845056
35.75	2.706014271
36	2.719367992
36.25	2.719367992
36.5	2.709174312
36.75	2.691845056
37	2.636187564
37.25	2.57961264
37.5	2.518450561
37.75	2.465035678
38	2.410907238
38.25	2.399898063
38.5	2.424260958
38.75	2.492558614
39	2.607135576
39.25	2.775840979
39.5	2.955555556
39.75	3.11019368
40	3.202752294
40.25	3.244342508
40.5	3.238124363
40.75	3.194087666
41	3.077166157
41.25	2.910805301
41.5	2.74841998
41.75	2.626707441
42	2.537308869
42.25	2.500407747
42.5	2.498776758
42.75	2.534148828
43	2.570234455
43.25	2.603975535
43.5	2.611824669
43.75	2.615698267
44	2.591437309
44.25	2.561569827
44.5	2.513761468
44.75	2.466666667
45	2.436799185
45.25	2.424260958
45.5	2.419571865
45.75	2.446992864
46	2.498776758
46.25	2.587461774
46.5	2.690316004
46.75	2.789194699
47	2.876248726
47.25	2.933537207
47.5	2.975127421
47.75	2.996330275
48	3.011314985
48.25	3.016004077
48.5	3.002650357
48.75	2.954026504
49	2.883384302
49.25	2.79235474
49.5	2.704383282
49.75	2.612640163
50	2.521610601
50.25	2.44077472
50.5	2.360652396
50.75	2.305708461
51	2.25861366
51.25	2.216309888
51.5	2.19745158
51.75	2.166055046
52	2.1872579
52.25	2.266462793
52.5	2.386544343
52.75	2.550560652
53	2.722426096
53.25	2.863710499
53.5	2.983792049
53.75	3.06146789
54	3.113251784
54.25	3.122731906
54.5	3.107033639
54.75	3.088990826
55	3.049745158
55.25	3.002650357
55.5	2.913965341
55.75	2.808766565
56	2.680122324
56.25	2.530988787
56.5	2.352803262
56.75	2.185626911
57	2.049847095
57.25	1.926707441
57.5	1.843527013
57.75	1.809785933
58	1.823853211
58.25	1.898470948
58.5	2.013761468
58.75	2.202140673
59	2.44077472
59.25	2.687155963
59.5	2.894291539
59.75	3.064627931
60	3.224770642
60.25	3.289908257
60.5	3.30795107
60.75	3.273394495
61	3.189398573
61.25	3.087359837
61.5	2.975127421
61.75	2.839449541
62	2.704383282
62.25	2.600815494
62.5	2.501936799
62.75	2.414067278
63	2.35127421
63.25	2.313557594
63.5	2.276656473
63.75	2.279816514
64	2.297859327
64.25	2.328542304
64.5	2.388175331
64.75	2.492558614
65	2.585932722
65.25	2.667584098
65.5	2.745259939
65.75	2.82293578
66	2.871559633
66.25	2.905300714
66.5	2.931192661
66.75	2.933537207
67	2.920285423
67.25	2.892762487
67.5	2.85667686
67.75	2.815086646
68	2.74841998
68.25	2.691845056
68.5	2.63853211
68.75	2.607135576
69	2.607135576
69.25	2.636901121
69.5	2.696534149
69.75	2.759327217
70	2.830784913
70.25	2.874719674
70.5	2.894291539
70.75	2.884913354
71	2.845667686
71.25	2.771151886
71.5	2.696534149
71.75	2.581243629
72	2.483893986
72.25	2.399898063
72.5	2.348114169
72.75	2.349643221
73	2.38185525
73.25	2.422629969
73.5	2.494087666
73.75	2.560040775
74	2.623547401
74.25	2.664424057
74.5	2.690316004
74.75	2.70988787
75	2.724057085
75.25	2.727217125
75.5	2.746788991
75.75	2.759327217
76	2.780530071
76.25	2.803261978
76.5	2.808766565
76.75	2.804892966
77	2.793883792
77.25	2.760142712
77.5	2.73343527
77.75	2.695005097
78	2.65891947
78.25	2.62833843
78.5	2.608664628
78.75	2.591437309
79	2.58980632
79.25	2.605504587
79.5	2.617329256
79.75	2.636187564
80	2.652599388
80.25	2.65891947
80.5	2.644750255
80.75	2.622018349
81	2.602446483
81.25	2.58980632
81.5	2.58980632
81.75	2.615698267
82	2.655759429
82.25	2.696534149
82.5	2.727217125
82.75	2.742099898
83	2.735066259
83.25	2.722426096
83.5	2.685626911
83.75	2.654230377
84	2.612640163
84.25	2.57961264
84.5	2.561569827
84.75	2.567074414
85	2.600815494
85.25	2.667584098
85.5	2.753109072
85.75	2.813557594
86	2.85351682
86.25	2.855147808
86.5	2.837818552
86.75	2.801732926
87	2.759327217
87.25	2.725586137
87.5	2.738939857
87.75	2.784505607
88	2.847298675
88.25	2.910805301
88.5	2.961060143
88.75	2.968909276
89	2.949235474
89.25	2.902140673
89.5	2.837818552
89.75	2.764831804
90	2.685626911
90.25	2.607135576
90.5	2.558409786
90.75	2.539653415
91	2.568603466
91.25	2.626707441
91.5	2.678491335
91.75	2.714576962
92	2.73343527
92.25	2.730275229
92.5	2.688685015
92.75	2.625178389
93	2.582772681
93.25	2.553720693
93.5	2.550560652
93.75	2.582772681
94	2.607135576
94.25	2.644750255
94.5	2.667584098
94.75	2.673802243
95	2.685626911
95.25	2.701325178
95.5	2.735779817
95.75	2.806422018
96	2.883384302
96.25	2.950866463
96.5	3.001121305
96.75	3.017533129
97	2.994801223
97.25	2.959531091
97.5	2.879408767
97.75	2.769520897
98	2.617329256
98.25	2.451681957
98.5	2.317533129
98.75	2.211518858
99	2.166055046
99.25	2.195107034
99.5	2.263404689
99.75	2.355963303
100	2.466666667
100.25	2.599286442
100.5	2.73343527
100.75	2.871559633
101	3.008154944
101.25	3.127420999
101.5	3.183180428
101.75	3.213761468
102	3.228644241
102.25	3.213761468
102.5	3.137614679
102.75	3.032517839
103	2.895922528
103.25	2.73343527
103.5	2.521610601
103.75	2.323751274
104	2.14332314
104.25	2.025586137
104.5	1.921202854
104.75	1.861569827
105	1.853720693
105.25	1.864729867
105.5	1.905504587
105.75	1.95412844
106	2.039653415
106.25	2.114271152
106.5	2.211518858
106.75	2.34108053
107	2.500407747
107.25	2.709174312
107.5	2.926503568
107.75	3.111722732
108	3.285219164
108.25	3.384097859
108.5	3.414678899
108.75	3.332212029
109	3.209072375
109.25	3.045056065
109.5	2.839449541
109.75	2.578083588
110	2.348114169
110.25	2.1872579
110.5	2.082059123
110.75	2.054638124
111	2.098572885
111.25	2.115800204
111.5	2.133843017
111.75	2.193476045
112	2.244546381
112.25	2.286136595
112.5	2.336391437
112.75	2.41243629
113	2.498776758
113.25	2.585932722
113.5	2.690316004
113.75	2.789194699
114	2.82293578
114.25	2.902140673
114.5	2.964220183
114.75	2.997961264
115	3.012844037
115.25	2.997961264
115.5	2.980632008
115.75	2.947706422
116	2.899082569
116.25	2.847298675
116.5	2.774311927
116.75	2.717737003
117	2.652599388
117.25	2.587461774
117.5	2.555351682
117.75	2.529459735
118	2.519979613
118.25	2.523139653
118.5	2.5490316
118.75	2.567074414
119	2.591437309
119.25	2.597655454
119.5	2.591437309
119.75	2.596126402
120	2.610295617
120.25	2.633027523
120.5	2.655759429
120.75	2.690316004
121	2.730275229
121.25	2.763302752
121.5	2.779001019
121.75	2.777370031
122	2.757798165
122.25	2.724057085
122.5	2.680122324
122.75	2.644750255
123	2.615698267
123.25	2.615698267
123.5	2.629867482
123.75	2.651070336
124	2.678491335
124.25	2.696534149
124.5	2.717737003
124.75	2.714576962
125	2.69969419
125.25	2.654230377
125.5	2.610295617
125.75	2.563914373
126	2.54587156
126.25	2.537308869
126.5	2.560040775
126.75	2.612640163
127	2.673802243
127.25	2.728746177
127.5	2.806422018
127.75	2.855147808
128	2.889602446
128.25	2.892762487
128.5	2.86687054
128.75	2.83312946
129	2.78216106
129.25	2.724057085
129.5	2.662793068
129.75	2.608664628
130	2.560040775
130.25	2.509785933
130.5	2.453312946
130.75	2.386544343
131	2.308868502
131.25	2.244546381
131.5	2.195107034
131.75	2.1872579
132	2.203669725
132.25	2.268807339
132.5	2.360652396
132.75	2.451681957
133	2.542711519
133.25	2.612640163
133.5	2.665953109
133.75	2.704383282
134	2.737410805
134.25	2.766462793
134.5	2.793883792
134.75	2.832313965
135	2.874719674
135.25	2.933537207
135.5	2.997961264
135.75	3.064627931
136	3.111722732
136.25	3.116411825
136.5	3.1
136.75	3.066258919
137	3.002650357
137.25	2.91243629
137.5	2.826095821
137.75	2.740570846
138	2.665953109
138.25	2.610295617
138.5	2.565545362
138.75	2.542711519
139	2.519979613
139.25	2.503465851
139.5	2.508256881
139.75	2.51529052
140	2.509785933
140.25	2.509785933
140.5	2.500407747
140.75	2.498776758
141	2.489398573
141.25	2.485423038
141.5	2.494087666
141.75	2.503465851
142	2.511314985
142.25	2.523139653
142.5	2.54587156
142.75	2.578083588
143	2.605504587
143.25	2.652599388
143.5	2.724057085
143.75	2.804892966
144	2.892762487
144.25	2.968909276
144.5	3.046585117
144.75	3.1
145	3.132925586
145.25	3.151783894
145.5	3.137614679
145.75	3.082670744
146	3.048114169
146.25	2.99011213
146.5	2.884913354
146.75	2.767991845
147	2.652599388
147.25	2.53883792
147.5	2.46116208
147.75	2.366972477
148	2.253924567
148.25	2.173088685
148.5	2.06401631
148.75	1.952599388
149	1.893679918
149.25	1.840366972
149.5	1.834046891
149.75	1.893679918
150	2.068705403
150.25	2.315188583
150.5	2.573394495
150.75	2.793883792
151	2.973598369
151.25	3.093679918
151.5	3.176860347
151.75	3.209072375
152	3.212232416
152.25	3.176860347
152.5	3.121100917
152.75	3.055249745
153	2.962589195
153.25	2.892762487
153.5	2.83312946
153.75	2.783690112
154	2.740570846
154.25	2.695005097
154.5	2.644750255
154.75	2.597655454
155	2.530988787
155.25	2.465035678
155.5	2.406218145
155.75	2.378695209
156	2.363812436
156.25	2.378695209
156.5	2.403058104
156.75	2.416411825
157	2.432110092
157.25	2.446992864
157.5	2.451681957
157.75	2.428950051
158	2.39204893
158.25	2.35127421
158.5	2.32069317
158.75	2.308868502
159	2.331600408
159.25	2.401529052
159.5	2.508256881
159.75	2.66911315
160	2.82293578
160.25	2.982262997
160.5	3.1
160.75	3.166666667
161	3.192558614
161.25	3.169826707
161.5	3.119571865
161.75	3.027013252
162	2.906116208
162.25	2.78216106
162.5	2.670642202
162.75	2.584301733
163	2.53567788
163.25	2.521610601
163.5	2.5490316
163.75	2.591437309
164	2.647910296
164.25	2.696534149
164.5	2.738939857
164.75	2.746788991
165	2.717737003
165.25	2.647910296
165.5	2.54587156
165.75	2.427420999
166	2.30733945
166.25	2.202140673
166.5	2.159734964
166.75	2.155045872
167	2.203669725
167.25	2.290825688
167.5	2.393679918
167.75	2.518450561
168	2.641590214
168.25	2.779001019
168.5	2.913965341
168.75	3.070948012
169	3.191029562
169.25	3.278899083
169.5	3.329153925
169.75	3.320489297
170	3.283588175
170.25	3.194087666
170.5	3.090519878
170.75	2.94617737
171	2.800203874
171.25	2.693476045
171.5	2.58980632
171.75	2.513761468
172	2.450152905
172.25	2.407747197
172.5	2.367787971
172.75	2.337920489
173	2.322222222
173.25	2.29235474
173.5	2.25861366
173.75	2.229663609
174	2.214678899
174.25	2.206829766
174.5	2.229663609
174.75	2.260244648
175	2.328542304
175.25	2.422629969
175.5	2.556880734
175.75	2.707543323
176	2.847298675
176.25	2.968909276
176.5	3.059938838
176.75	3.103873598
177	3.129765545
177.25	3.111722732
177.5	3.066258919
177.75	3.004994903
178	2.933537207
178.25	2.844138634
178.5	2.759327217
178.75	2.681651376
179	2.605504587
179.25	2.529459735
179.5	2.468195719
179.75	2.396738022
180	2.346585117
180.25	2.313557594
180.5	2.32069317
180.75	2.360652396
181	2.459531091
181.25	2.570234455
181.5	2.69969419
181.75	2.801732926
182	2.891233435
182.25	2.924974516
182.5	2.943017329
182.75	2.910805301
183	2.862181448
183.25	2.775840979
183.5	2.681651376
183.75	2.565545362
184	2.466666667
184.25	2.410907238
184.5	2.360652396
184.75	2.328542304
185	2.339449541
185.25	2.363812436
185.5	2.398369011
185.75	2.466666667
186	2.567074414
186.25	2.681651376
186.5	2.803261978
186.75	2.905300714
187	2.994801223
187.25	3.067787971
187.5	3.11019368
187.75	3.116411825
188	3.084301733
188.25	3.014373089
188.5	2.900611621
188.75	2.763302752
189	2.618858308
189.25	2.488583078
189.5	2.386544343
189.75	2.304179409
190	2.231192661
190.25	2.161365953
190.5	2.103261978
190.75	2.045973496
191	2.00285423
191.25	1.98470948
191.5	2.021610601
191.75	2.07420999
192	2.200611621
192.25	2.348114169
192.5	2.547502548
192.75	2.742099898
193	2.923343527
193.25	3.069317023
193.5	3.176044852
193.75	3.230275229
194	3.2490316
194.25	3.218450561
194.5	3.142303772
194.75	3.053618756
195	2.94138634
195.25	2.810397554
195.5	2.684811417
195.75	2.570234455
196	2.462691131
196.25	2.354434251
196.5	2.282976555
196.75	2.223343527
197	2.174719674
197.25	2.140163099
197.5	2.13853211
197.75	2.170744139
198	2.223343527
198.25	2.287665647
198.5	2.366972477
198.75	2.439959225
199	2.516819572
199.25	2.584301733
199.5	2.657288481
199.75	2.728746177
200	2.786034659
200.25	2.834658512
200.5	2.876248726
200.75	2.915494393
201	2.950866463
201.25	2.994801223
201.5	3.023853211
201.75	3.038735984
202	3.059938838
202.25	3.046585117
202.5	3.011314985
202.75	2.952395515
203	2.86687054
203.25	2.763302752
203.5	2.654230377
203.75	2.552191641
204	2.4745158
204.25	2.41559633
204.5	2.386544343
204.75	2.377166157
205	2.378695209
205.25	2.377166157
205.5	2.374006116
205.75	2.388175331
206	2.391335372
206.25	2.416411825
206.5	2.443832824
206.75	2.459531091
207	2.489398573
207.25	2.521610601
207.5	2.550560652
207.75	2.558409786
208	2.563914373
208.25	2.581243629
208.5	2.592966361
208.75	2.617329256
209	2.664424057
209.25	2.746788991
209.5	2.850356779
209.75	2.968909276
210	3.079510703
210.25	3.178389399
210.5	3.233333333
210.75	3.25922528
211	3.223139653
211.25	3.148623853
211.5	3.025382263
211.75	2.848827727
212	2.65891947
212.25	2.462691131
212.5	2.294801223
212.75	2.171559633
213	2.09459735
213.25	2.065545362
213.5	2.080530071
213.75	2.112640163
214	2.148827727
214.25	2.21783894
214.5	2.308868502
214.75	2.374006116
215	2.456472987
215.25	2.513761468
215.5	2.5490316
215.75	2.622018349
216	2.676962283
216.25	2.760142712
216.5	2.845667686
216.75	2.923343527
217	3.014373089
217.25	3.043425076
217.5	3.053618756
217.75	3.03088685
218	2.982262997
218.25	2.917125382
218.5	2.862181448
218.75	2.815086646
219	2.779001019
219.25	2.735066259
219.5	2.70285423
219.75	2.670642202
220	2.63853211
220.25	2.602446483
220.5	2.552191641
220.75	2.511314985
221	2.471355759
221.25	2.438328236
221.5	2.432110092
221.75	2.422629969
222	2.454841998
222.25	2.489398573
222.5	2.523139653
222.75	2.553720693
223	2.587461774
223.25	2.591437309
223.5	2.568603466
223.75	2.524668705
224	2.495616718
224.25	2.459531091
224.5	2.439959225
224.75	2.469724771
225	2.512945973
225.25	2.611824669
225.5	2.738939857
225.75	2.86687054
226	3.004994903
226.25	3.108562691
226.5	3.152497452
226.75	3.150152905
227	3.124260958
227.25	3.038735984
227.5	2.931192661
227.75	2.82293578
228	2.695005097
228.25	2.602446483
228.5	2.516819572
228.75	2.436799185
229	2.377166157
229.25	2.322222222
229.5	2.290825688
229.75	2.2617737
230	2.243730887
230.25	2.260244648
230.5	2.308868502
230.75	2.360652396
231	2.433639144
231.25	2.494087666
231.5	2.556880734
231.75	2.618858308
232	2.680122324
232.25	2.745259939
232.5	2.827624873
232.75	2.89745158
233	2.97675841
233.25	3.029357798
233.5	3.053618756
233.75	3.06146789
234	3.045056065
234.25	3.002650357
234.5	2.938328236
234.75	2.870030581
235	2.786034659
235.25	2.696534149
235.5	2.612640163
235.75	2.532517839
236	2.456472987
236.25	2.388175331
236.5	2.330071356
236.75	2.260244648
237	2.208460754
237.25	2.19745158
237.5	2.214678899
237.75	2.247706422
238	2.299490316
238.25	2.360652396
238.5	2.459531091
238.75	2.573394495
239	2.696534149
239.25	2.829153925
239.5	2.94617737
239.75	3.066258919
240	3.155657492
240.25	3.242813456
240.5	3.29459735
240.75	3.29775739
241	3.273394495
241.25	3.191029562
241.5	3.081141692
241.75	2.949235474
242	2.798572885
242.25	2.636901121
242.5	2.503465851
242.75	2.41243629
243	2.339449541
243.25	2.282976555
243.5	2.253924567
243.75	2.246075433
244	2.25861366
244.25	2.296330275
244.5	2.344954128
244.75	2.417940877
245	2.523139653
245.25	2.651070336
245.5	2.775840979
245.75	2.888073394
246	2.955555556
246.25	3.004994903
246.5	3.017533129
246.75	2.99011213
247	2.928134557
247.25	2.851987768
247.5	2.784505607
247.75	2.70285423
248	2.641590214
248.25	2.582772681
248.5	2.541182467
248.75	2.506625892
249	2.480733945
249.25	2.46432212
249.5	2.468195719
249.75	2.506625892
250	2.565545362
250.25	2.667584098
250.5	2.757798165
250.75	2.871559633
251	2.944546381
251.25	2.99011213
251.5	2.991641182
251.75	2.961060143
252	2.883384302
252.25	2.772680938
252.5	2.63853211
252.75	2.508256881
253	2.389704383
253.25	2.297859327
253.5	2.239041794
253.75	2.22803262
254	2.253924567
254.25	2.331600408
254.5	2.446992864
254.75	2.592966361
255	2.717737003
255.25	2.819775739
255.5	2.895922528
255.75	2.939857288
256	2.962589195
256.25	2.94617737
256.5	2.913965341
256.75	2.86687054
257	2.798572885
257.25	2.714576962
257.5	2.622018349
257.75	2.53567788
258	2.472884811
258.25	2.419571865
258.5	2.377166157
258.75	2.352803262
259	2.337920489
259.25	2.336391437
259.5	2.342609582
259.75	2.375637105
260	2.446992864
260.25	2.537308869
260.5	2.615698267
260.75	2.709174312
261	2.779001019
261.25	2.832313965
261.5	2.870030581
261.75	2.889602446
262	2.895922528
262.25	2.881753313
262.5	2.860550459
262.75	2.830784913
263	2.806422018
263.25	2.766462793
263.5	2.706014271
263.75	2.636901121
264	2.574923547
264.25	2.519979613
264.5	2.483893986
264.75	2.471355759
265	2.471355759
265.25	2.495616718
265.5	2.524668705
265.75	2.547502548
266	2.584301733
266.25	2.610295617
266.5	2.63853211
266.75	2.672273191
267	2.71304791
267.25	2.769520897
267.5	2.824464832
267.75	2.876248726
268	2.923343527
268.25	2.955555556
268.5	2.978287462
268.75	2.985423038
269	2.994801223
269.25	2.999490316
269.5	2.997961264
269.75	2.996330275
270	2.97675841
270.25	2.936697248
270.5	2.870030581
270.75	2.775840979
271	2.654230377
271.25	2.519979613
271.5	2.378695209
271.75	2.237512742
272	2.121304791
272.25	2.038124363
272.5	1.95412844
272.75	1.919571865
273	1.895310907
273.25	1.924362895
273.5	2.001223242
273.75	2.121304791
274	2.282976555
274.25	2.482364934
274.5	2.714576962
274.75	2.931192661
275	3.129765545
275.25	3.283588175
275.5	3.372273191
275.75	3.390316004
276	3.355045872
276.25	3.25922528
276.5	3.128236493
276.75	2.957900102
277	2.760142712
277.25	2.599286442
277.5	2.498776758
277.75	2.427420999
278	2.366972477
278.25	2.339449541
278.5	2.330071356
278.75	2.27196738
279	2.200611621
279.25	2.088379205
279.5	2.00285423
279.75	1.918042813
280	1.86941896
280.25	1.848216106
280.5	1.890621814
280.75	1.976860347
281	2.14332314
281.25	2.369317023
281.5	2.615698267
281.75	2.850356779
282	3.034046891
282.25	3.171355759
282.5	3.216921509
282.75	3.241182467
283	3.212232416
283.25	3.139245668
283.5	3.009683996
283.75	2.877879715
284	2.745259939
284.25	2.618858308
284.5	2.526299694
284.75	2.453312946
285	2.410907238
285.25	2.401529052
285.5	2.389704383
285.75	2.399898063
286	2.417940877
286.25	2.465035678
286.5	2.527828746
286.75	2.59459735
287	2.65891947
287.25	2.69969419
287.5	2.71304791
287.75	2.70988787
288	2.690316004
288.25	2.65891947
288.5	2.631396534
288.75	2.59459735
289	2.568603466
289.25	2.5490316
289.5	2.538022426
289.75	2.532517839
290	2.538022426
290.25	2.54587156
290.5	2.584301733
290.75	2.631396534
291	2.690316004
291.25	2.738939857
291.5	2.777370031
291.75	2.813557594
292	2.826095821
292.25	2.82293578
292.5	2.793883792
292.75	2.757798165
293	2.717737003
293.25	2.667584098
293.5	2.62833843
293.75	2.592966361
294	2.576452599
294.25	2.571763507
294.5	2.568603466
294.75	2.573394495
295	2.59459735
295.25	2.607135576
295.5	2.633027523
295.75	2.664424057
296	2.698165138
296.25	2.751478084
296.5	2.798572885
296.75	2.837818552
297	2.85351682
297.25	2.842507645
297.5	2.818246687
297.75	2.766462793
298	2.693476045
298.25	2.614169215
298.5	2.539653415
298.75	2.497247706
299	2.469724771
299.25	2.487054027
299.5	2.526299694
299.75	2.578083588
300	2.614169215
300.25	2.651070336
300.5	2.66911315
300.75	2.667584098
301	2.65891947
301.25	2.644750255
301.5	2.622018349
301.75	2.623547401
302	2.655759429
302.25	2.69969419
302.5	2.738939857
302.75	2.763302752
303	2.79235474
303.25	2.804892966
303.5	2.811926606
303.75	2.827624873
304	2.844138634
304.25	2.865341488
304.5	2.879408767
304.75	2.879408767
305	2.879408767
305.25	2.840978593
305.5	2.784505607
305.75	2.730275229
306	2.652599388
306.25	2.584301733
306.5	2.524668705
306.75	2.469724771
307	2.427420999
307.25	2.38185525
307.5	2.359123344
307.75	2.366972477
308	2.401529052
308.25	2.468195719
308.5	2.570234455
308.75	2.693476045
309	2.818246687
309.25	2.906116208
309.5	2.949235474
309.75	2.970438328
310	2.943017329
310.25	2.90764526
310.5	2.847298675
310.75	2.766462793
311	2.69969419
311.25	2.649439348
311.5	2.620489297
311.75	2.603975535
312	2.623547401
312.25	2.643221203
312.5	2.681651376
312.75	2.734250765
313	2.795412844
313.25	2.862181448
313.5	2.920285423
313.75	2.983792049
314	3.012844037
314.25	3.027013252
314.5	3.001121305
314.75	2.952395515
315	2.881039755
315.25	2.790723751
315.5	2.688685015
315.75	2.591437309
316	2.495616718
316.25	2.421100917
316.5	2.378695209
316.75	2.343425076
317	2.336391437
317.25	2.35127421
317.5	2.39520897
317.75	2.46116208
318	2.51529052
318.25	2.567074414
318.5	2.603975535
318.75	2.596126402
319	2.591437309
319.25	2.568603466
319.5	2.54587156
319.75	2.523139653
320	2.542711519
320.25	2.599286442
320.5	2.71304791
320.75	2.830784913
321	2.944546381
321.25	3.034046891
321.5	3.114882773
321.75	3.147094801
322	3.148623853
322.25	3.10540265
322.5	3.038735984
322.75	2.939857288
323	2.816615698
323.25	2.71304791
323.5	2.618858308
323.75	2.5490316
324	2.492558614
324.25	2.442303772
324.5	2.385015291
324.75	2.299490316
325	2.206829766
325.25	2.13853211
325.5	2.068705403
325.75	2.025586137
326	2.023955148
326.25	2.059327217
326.5	2.130682977
326.75	2.247706422
327	2.386544343
327.25	2.534148828
327.5	2.675433231
327.75	2.816615698
328	2.923343527
328.25	3.004994903
328.5	3.038735984
328.75	3.055249745
329	3.025382263
329.25	2.994801223
329.5	2.94138634
329.75	2.876248726
330	2.816615698
330.25	2.780530071
330.5	2.759327217
330.75	2.763302752
331	2.779001019
331.25	2.795412844
331.5	2.818246687
331.75	2.813557594
332	2.793883792
332.25	2.783690112
332.5	2.74841998
332.75	2.691845056
333	2.631396534
333.25	2.576452599
333.5	2.53567788
333.75	2.494087666
334	2.479204893
334.25	2.46116208
334.5	2.442303772
334.75	2.407747197
335	2.363812436
335.25	2.323751274
335.5	2.289296636
335.75	2.273598369
336	2.268093782
336.25	2.293170234
336.5	2.346585117
336.75	2.435270133
337	2.550560652
337.25	2.704383282
337.5	2.847298675
337.75	2.968909276
338	3.066258919
338.25	3.136085627
338.5	3.176860347
338.75	3.178389399
339	3.155657492
339.25	3.111722732
339.5	3.037206932
339.75	2.943017329
340	2.82293578
340.25	2.70988787
340.5	2.597655454
340.75	2.512945973
341	2.453312946
341.25	2.409378186
341.5	2.396738022
341.75	2.414067278
342	2.458002039
342.25	2.489398573
342.5	2.521610601
342.75	2.544342508
343	2.5490316
343.25	2.524668705
343.5	2.494087666
343.75	2.44077472
344	2.39204893
344.25	2.333231397
344.5	2.284505607
344.75	2.25861366
345	2.268093782
345.25	2.304179409
345.5	2.365341488
345.75	2.458002039
346	2.550560652
346.25	2.654230377
346.5	2.771151886
346.75	2.879408767
347	2.970438328
347.25	3.049745158
347.5	3.090519878
347.75	3.119571865
348	3.102344546
348.25	3.064627931
348.5	3.001121305
348.75	2.913965341
349	2.813557594
349.25	2.696534149
349.5	2.588277268
349.75	2.485423038
350	2.403058104
350.25	2.341794088
350.5	2.326911315
350.75	2.363812436
351	2.422629969
351.25	2.488583078
351.5	2.547502548
351.75	2.597655454
352	2.620489297
352.25	2.631396534
352.5	2.617329256
352.75	2.597655454
353	2.57961264
353.25	2.573394495
353.5	2.58980632
353.75	2.620489297
354	2.66911315
354.25	2.728746177
354.5	2.761671764
354.75	2.780530071
355	2.786034659
355.25	2.779001019
355.5	2.756167176
355.75	2.740570846
356	2.728746177
356.25	2.735779817
356.5	2.74841998
356.75	2.769520897
357	2.798572885
357.25	2.834658512
357.5	2.839449541
357.75	2.851987768
358	2.83312946
358.25	2.790723751
358.5	2.734250765
358.75	2.660448522
359	2.599286442
359.25	2.530988787
359.5	2.480733945
359.75	2.443832824
360	2.436799185
360.25	2.477573904
360.5	2.556880734
360.75	2.65891947
361	2.756167176
361.25	2.837818552
361.5	2.89745158
361.75	2.915494393
362	2.902140673
362.25	2.86687054
362.5	2.800203874
362.75	2.731906218
363	2.660448522
363.25	2.596126402
363.5	2.5490316
363.75	2.498776758
364	2.459531091
364.25	2.422629969
364.5	2.366972477
364.75	2.326911315
365	2.289296636
365.25	2.275127421
365.5	2.302650357
365.75	2.374006116
366	2.472884811
366.25	2.608664628
366.5	2.779001019
366.75	2.94617737
367	3.102344546
367.25	3.192558614
367.5	3.247502548
367.75	3.25922528
368	3.216921509
368.25	3.126605505
368.5	3.009683996
368.75	2.850356779
369	2.65891947
369.25	2.465035678
369.5	2.302650357
369.75	2.132313965
370	1.992558614
370.25	1.876452599
370.5	1.82069317
370.75	1.794801223
371	1.832517839
371.25	1.888990826
371.5	2.021610601
371.75	2.15351682
372	2.305708461
372.25	2.450152905
372.5	2.574923547
372.75	2.641590214
373	2.717737003
373.25	2.756167176
373.5	2.79235474
373.75	2.836289501
374	2.865341488
374.25	2.886544343
374.5	2.955555556
374.75	3.012844037
375	3.067787971
375.25	3.121100917
375.5	3.131396534
375.75	3.111722732
376	3.063098879
376.25	2.968909276
376.5	2.839449541
376.75	2.680122324
377	2.523139653
377.25	2.360652396
377.5	2.184097859
377.75	2.038124363
378	1.94393476
378.25	1.87961264
378.5	1.841896024
378.75	1.888990826
379	1.942405708
379.25	2.03343527
379.5	2.158205912
379.75	2.297859327
380	2.427420999
380.25	2.555351682
380.5	2.683180428
380.75	2.801732926
381	2.86687054
381.25	2.97675841
381.5	3.067787971
381.75	3.139245668
382	3.163506626
382.25	3.129765545
382.5	3.085830785
382.75	3.038735984
383	2.985423038
383.25	2.933537207
383.5	2.900611621
383.75	2.85351682
384	2.818246687
384.25	2.779001019
384.5	2.73343527
384.75	2.661264016
385	2.582772681
385.25	2.50509684
385.5	2.462691131
385.75	2.433639144
386	2.389704383
386.25	2.336391437
386.5	2.244546381
386.75	2.166055046
387	2.098572885
387.25	2.042813456
387.5	2.015392457
387.75	2.031804281
388	2.093068298
388.25	2.219367992
388.5	2.396738022
388.75	2.615698267
389	2.832313965
389.25	3.02069317
389.5	3.176044852
389.75	3.270234455
390	3.315800204
390.25	3.322833843
390.5	3.288277268
390.75	3.18470948
391	3.056778797
391.25	2.899082569
391.5	2.735779817
391.75	2.592966361
392	2.488583078
392.25	2.403058104
392.5	2.343425076
392.75	2.282976555
393	2.224872579
393.25	2.170744139
393.5	2.115800204
393.75	2.068705403
394	2.060856269
394.25	2.068705403
394.5	2.101732926
394.75	2.159734964
395	2.237512742
395.25	2.330071356
395.5	2.435270133
395.75	2.53567788
396	2.629867482
396.25	2.717737003
396.5	2.803261978
396.75	2.855147808
397	2.902140673
397.25	2.926503568
397.5	2.936697248
397.75	2.928134557
398	2.909276249
398.25	2.886544343
398.5	2.85667686
398.75	2.840978593
399	2.815086646
399.25	2.798572885
399.5	2.786034659
399.75	2.771151886
400	2.742099898
400.25	2.711518858
400.5	2.678491335
400.75	2.640061162
401	2.605504587
401.25	2.581243629
401.5	2.568603466
401.75	2.570234455
402	2.568603466
402.25	2.560040775
402.5	2.541182467
402.75	2.513761468
403	2.459531091
403.25	2.404587156
403.5	2.349643221
403.75	2.296330275
404	2.278287462
404.25	2.308868502
404.5	2.39520897
404.75	2.54587156
405	2.742099898
405.25	2.917125382
405.5	3.072477064
405.75	3.197247706
406	3.257696228
406.25	3.282059123
406.5	3.27420999
406.75	3.234964322
407	3.142303772
407.25	3.048114169
407.5	2.915494393
407.75	2.780530071
408	2.63853211
408.25	2.494087666
408.5	2.372477064
408.75	2.260244648
409	2.173088685
409.25	2.114271152
409.5	2.077370031
409.75	2.078899083
410	2.080530071
410.25	2.118960245
410.5	2.200611621
410.75	2.279816514
411	2.341794088
411.25	2.409378186
411.5	2.472884811
411.75	2.541182467
412	2.599286442
412.25	2.684811417
412.5	2.775840979
412.75	2.859021407
413	2.932008155
413.25	2.98695209
413.5	3.043425076
413.75	3.053618756
414	3.066258919
414.25	3.034046891
414.5	2.965749235
414.75	2.859021407
415	2.73343527
415.25	2.599286442
415.5	2.450152905
415.75	2.317533129
416	2.198980632
416.25	2.103261978
416.5	2.031804281
416.75	2.009072375
417	1.958817533
417.25	1.914882773
417.5	1.876452599
417.75	1.866258919
418	1.887461774
418.25	1.913353721
418.5	2.009072375
418.75	2.174719674
419	2.396738022
419.25	2.646381244
419.5	2.877879715
419.75	3.059938838
420	3.192558614
420.25	3.26401631
420.5	3.253007136
420.75	3.228644241
421	3.200407747
421.25	3.151783894
421.5	3.084301733
421.75	3.004179409
422	2.913965341
422.25	2.811926606
422.5	2.706014271
422.75	2.582772681
423	2.46116208
423.25	2.357492355
423.5	2.25861366
423.75	2.214678899
424	2.185626911
424.25	2.191946993
424.5	2.209989806
424.75	2.260244648
425	2.301019368
425.25	2.337920489
425.5	2.388175331
425.75	2.44077472
426	2.516819572
426.25	2.610295617
426.5	2.70988787
426.75	2.819775739
427	2.909276249
427.25	2.975127421
427.5	3.017533129
427.75	3.048114169
428	3.05127421
428.25	3.049745158
428.5	3.037206932
428.75	3.014373089
429	2.994801223
429.25	2.955555556
429.5	2.909276249
429.75	2.857492355
430	2.79235474
430.25	2.711518858
430.5	2.640061162
430.75	2.573394495
431	2.532517839
431.25	2.518450561
431.5	2.519979613
431.75	2.53567788
432	2.560040775
432.25	2.57961264
432.5	2.58980632
432.75	2.58980632
433	2.610295617
433.25	2.626707441
433.5	2.643221203
433.75	2.649439348
434	2.657288481
434.25	2.640061162
434.5	2.636901121
434.75	2.625178389
435	2.615698267
435.25	2.612640163
435.5	2.615698267
435.75	2.610295617
436	2.596126402
436.25	2.57961264
436.5	2.565545362
436.75	2.5490316
437	2.5490316
437.25	2.556880734
437.5	2.591437309
437.75	2.641590214
438	2.701325178
438.25	2.740570846
438.5	2.789194699
438.75	2.824464832
439	2.85667686
439.25	2.86687054
439.5	2.848827727
439.75	2.806422018
440	2.757798165
440.25	2.687155963
440.5	2.611824669
440.75	2.568603466
441	2.555351682
441.25	2.558409786
441.5	2.558409786
441.75	2.567074414
442	2.57961264
442.25	2.587461774
442.5	2.59459735
442.75	2.585932722
443	2.588277268
443.25	2.573394495
443.5	2.565545362
443.75	2.558409786
444	2.553720693
444.25	2.573394495
444.5	2.611824669
444.75	2.683180428
445	2.793883792
445.25	2.938328236
445.5	3.079510703
445.75	3.166666667
446	3.212232416
446.25	3.200407747
446.5	3.113251784
446.75	2.947706422
447	2.763302752
447.25	2.556880734
447.5	2.378695209
447.75	2.213149847
448	2.085219164
448.25	2.020081549
448.5	1.995718654
448.75	2.015392457
449	2.085219164
449.25	2.182568807
449.5	2.296330275
449.75	2.41559633
450	2.544342508
450.25	2.655759429
450.5	2.751478084
450.75	2.832313965
451	2.870030581
451.25	2.900611621
451.5	2.895922528
451.75	2.886544343
452	2.85667686
452.25	2.829153925
452.5	2.801732926
452.75	2.790723751
453	2.783690112
453.25	2.777370031
453.5	2.78216106
453.75	2.789194699
454	2.78756371
454.25	2.803261978
454.5	2.804892966
454.75	2.79235474
455	2.783690112
455.25	2.760142712
455.5	2.71304791
455.75	2.667584098
456	2.605504587
456.25	2.552191641
456.5	2.492558614
456.75	2.436799185
457	2.39520897
457.25	2.367787971
457.5	2.370846075
457.75	2.398369011
458	2.432110092
458.25	2.466666667
458.5	2.485423038
458.75	2.471355759
459	2.466666667
459.25	2.450152905
459.5	2.448623853
459.75	2.46432212
460	2.524668705
460.25	2.634556575
460.5	2.783690112
460.75	2.923343527
461	3.049745158
461.25	3.128236493
461.5	3.180020387
461.75	3.176044852
462	3.142303772
462.25	3.079510703
462.5	2.975127421
462.75	2.855147808
463	2.719367992
463.25	2.59459735
463.5	2.503465851
463.75	2.439959225
464	2.39204893
464.25	2.375637105
464.5	2.352803262
464.75	2.352803262
465	2.370846075
465.25	2.374006116
465.5	2.366972477
465.75	2.365341488
466	2.344954128
466.25	2.333231397
466.5	2.31049949
466.75	2.328542304
467	2.346585117
467.25	2.398369011
467.5	2.511314985
467.75	2.684811417
468	2.86687054
468.25	3.014373089
468.5	3.107033639
468.75	3.151783894
469	3.145463812
469.25	3.102344546
469.5	3.002650357
469.75	2.877879715
470	2.746788991
470.25	2.618858308
470.5	2.538022426
470.75	2.516819572
471	2.487054027
471.25	2.448623853
471.5	2.410907238
471.75	2.367787971
472	2.301019368
472.25	2.220183486
472.5	2.133843017
472.75	2.059327217
473	2.012232416
473.25	2.023955148
473.5	2.10795107
473.75	2.25861366
474	2.453312946
474.25	2.661264016
474.5	2.839449541
474.75	2.968909276
475	3.052905199
475.25	3.079510703
475.5	3.056778797
475.75	3.009683996
476	2.932008155
476.25	2.844138634
476.5	2.742099898
476.75	2.657288481
477	2.605504587
477.25	2.582772681
477.5	2.582772681
477.75	2.605504587
478	2.649439348
478.25	2.696534149
478.5	2.742099898
478.75	2.78216106
479	2.808766565
479.25	2.816615698
479.5	2.797043833
479.75	2.775840979
480	2.738939857
480.25	2.685626911
480.5	2.615698267
480.75	2.547502548
481	2.492558614
481.25	2.433639144
481.5	2.396738022
481.75	2.388175331
482	2.367787971
482.25	2.352803262
482.5	2.336391437
482.75	2.326911315
483	2.341794088
483.25	2.389704383
483.5	2.439959225
483.75	2.511314985
484	2.588277268
484.25	2.662793068
484.5	2.728746177
484.75	2.800203874
485	2.860550459
485.25	2.899082569
485.5	2.929663609
485.75	2.936697248
486	2.930479103
486.25	2.906116208
486.5	2.863710499
486.75	2.79235474
487	2.693476045
487.25	2.574923547
487.5	2.451681957
487.75	2.337920489
488	2.257084608
488.25	2.203669725
488.5	2.209989806
488.75	2.250764526
489	2.301019368
489.25	2.362283384
489.5	2.433639144
489.75	2.495616718
490	2.570234455
490.25	2.633027523
490.5	2.683180428
490.75	2.730275229
491	2.759327217
491.25	2.761671764
491.5	2.745259939
491.75	2.717737003
492	2.690316004
492.25	2.681651376
492.5	2.678491335
492.75	2.706014271
493	2.725586137
493.25	2.756167176
493.5	2.769520897
493.75	2.766462793
494	2.753109072
494.25	2.737410805
494.5	2.714576962
494.75	2.701325178
495	2.688685015
495.25	2.670642202
495.5	2.643221203
495.75	2.59459735
496	2.553720693
496.25	2.489398573
496.5	2.428950051
496.75	2.363812436
497	2.323751274
497.25	2.315188583
497.5	2.315188583
497.75	2.363812436
498	2.436799185
498.25	2.511314985
498.5	2.596126402
498.75	2.673802243
499	2.73343527
499.25	2.769520897
499.5	2.798572885
499.75	2.813557594
500	2.804892966
500.25	2.78756371
500.5	2.760142712
500.75	2.740570846
501	2.751478084
501.25	2.784505607
501.5	2.815086646
501.75	2.850356779
502	2.842507645
502.25	2.82293578
502.5	2.764831804
502.75	2.664424057
503	2.555351682
503.25	2.453312946
503.5	2.388175331
503.75	2.339449541
504	2.352803262
504.25	2.385015291
504.5	2.439959225
504.75	2.539653415
505	2.680122324
505.25	2.848827727
505.5	2.997961264
505.75	3.116411825
506	3.204383282
506.25	3.234964322
506.5	3.201223242
506.75	3.131396534
507	3.004994903
507.25	2.824464832
507.5	2.672273191
507.75	2.550560652
508	2.468195719
508.25	2.414067278
508.5	2.388175331
508.75	2.393679918
509	2.427420999
509.25	2.46116208
509.5	2.497247706
509.75	2.526299694
510	2.542711519
510.25	2.544342508
510.5	2.542711519
510.75	2.539653415
511	2.526299694
511.25	2.519979613
511.5	2.516819572
511.75	2.526299694
512	2.541182467
512.25	2.573394495
512.5	2.622018349
512.75	2.681651376
513	2.73343527
513.25	2.771151886
513.5	2.815086646
513.75	2.857492355
514	2.881039755
514.25	2.900611621
514.5	2.935168196
514.75	2.952395515
515	2.944546381
515.25	2.910805301
515.5	2.859021407
515.75	2.779001019
516	2.687155963
516.25	2.582772681
516.5	2.476044852
516.75	2.385015291
517	2.334760449
517.25	2.32069317
517.5	2.343425076
517.75	2.386544343
518	2.44077472
518.25	2.503465851
518.5	2.578083588
518.75	2.647910296
519	2.71304791
519.25	2.777370031
519.5	2.836289501
519.75	2.874719674
520	2.862181448
520.25	2.840978593
520.5	2.780530071
520.75	2.706014271
521	2.608664628
521.25	2.519979613
521.5	2.433639144
521.75	2.367787971
522	2.34108053
522.25	2.362283384
522.5	2.406218145
522.75	2.456472987
523	2.516819572
523.25	2.573394495
523.5	2.631396534
523.75	2.678491335
524	2.716207951
524.25	2.746788991
524.5	2.757798165
524.75	2.784505607
525	2.79235474
525.25	2.829153925
525.5	2.862181448
525.75	2.909276249
526	2.943017329
526.25	2.99011213
526.5	3.008154944
526.75	3.016004077
527	2.996330275
527.25	2.943017329
527.5	2.876248726
527.75	2.760142712
528	2.636901121
528.25	2.512945973
528.5	2.398369011
528.75	2.313557594
529	2.246075433
529.25	2.211518858
529.5	2.200611621
529.75	2.200611621
530	2.220183486
530.25	2.246075433
530.5	2.312028542
530.75	2.409378186
531	2.508256881
531.25	2.633027523
531.5	2.742099898
531.75	2.824464832
532	2.865341488
532.25	2.889602446
532.5	2.868399592
532.75	2.808766565
533	2.734250765
533.25	2.655759429
533.5	2.584301733
533.75	2.544342508
534	2.527828746
534.25	2.53567788
534.5	2.516819572
534.75	2.512945973
535	2.497247706
535.25	2.468195719
535.5	2.44077472
535.75	2.439959225
536	2.466666667
536.25	2.50509684
536.5	2.560040775
536.75	2.622018349
537	2.704383282
537.25	2.769520897
537.5	2.836289501
537.75	2.884913354
538	2.909276249
538.25	2.918654434
538.5	2.889602446
538.75	2.847298675
539	2.767991845
539.25	2.681651376
539.5	2.576452599
539.75	2.468195719
540	2.365341488
540.25	2.263404689
540.5	2.184097859
540.75	2.121304791
541	2.096941896
541.25	2.111111111
541.5	2.169215087
541.75	2.260244648
542	2.378695209
542.25	2.529459735
542.5	2.676962283
542.75	2.808053007
543	2.906116208
543.25	2.947706422
543.5	2.979918451
543.75	2.982262997
544	2.964220183
544.25	2.928134557
544.5	2.874719674
544.75	2.816615698
545	2.771151886
545.25	2.724057085
545.5	2.684811417
545.75	2.651070336
546	2.611824669
546.25	2.58980632
546.5	2.563200815
546.75	2.560040775
547	2.541182467
547.25	2.532517839
547.5	2.513761468
547.75	2.488583078
548	2.468195719
548.25	2.430479103
548.5	2.403058104
548.75	2.399898063
549	2.422629969
549.25	2.466666667
549.5	2.5490316
549.75	2.651070336
550	2.764831804
550.25	2.879408767
550.5	2.980632008
550.75	3.059938838
551	3.088990826
551.25	3.096839959
551.5	3.070948012
551.75	2.993272171
552	2.90764526
552.25	2.786034659
552.5	2.640061162
552.75	2.497247706
553	2.385015291
553.25	2.31049949
553.5	2.278287462
553.75	2.257084608
554	2.25861366
554.25	2.264933741
554.5	2.278287462
554.75	2.30733945
555	2.346585117
555.25	2.375637105
555.5	2.417940877
555.75	2.465035678
556	2.51529052
556.25	2.567074414
556.5	2.618858308
556.75	2.673802243
557	2.727217125
557.25	2.810397554
557.5	2.889602446
557.75	2.955555556
558	2.988481142
558.25	3.027013252
558.5	3.03088685
558.75	3.025382263
559	2.994801223
559.25	2.959531091
559.5	2.909276249
559.75	2.834658512
560	2.767991845
560.25	2.696534149
560.5	2.634556575
560.75	2.567074414
561	2.480733945
561.25	2.385015291
561.5	2.293170234
561.75	2.209989806
562	2.135474006
562.25	2.111111111
562.5	2.114271152
562.75	2.151885831
563	2.237512742
563.25	2.404587156
563.5	2.600815494
563.75	2.786034659
564	2.933537207
564.25	3.022222222
564.5	3.045056065
564.75	3.045056065
565	2.988481142
565.25	2.900611621
565.5	2.797043833
565.75	2.707543323
566	2.623547401
566.25	2.571763507
566.5	2.530988787
566.75	2.509785933
567	2.494087666
567.25	2.494087666
567.5	2.516819572
567.75	2.537308869
568	2.570234455
568.25	2.611824669
568.5	2.661264016
568.75	2.714576962
569	2.764831804
569.25	2.811926606
569.5	2.859021407
569.75	2.889602446
570	2.89745158
570.25	2.888073394
570.5	2.859021407
570.75	2.808766565
571	2.742099898
571.25	2.685626911
571.5	2.62833843
571.75	2.565545362
572	2.503465851
572.25	2.44077472
572.5	2.380326198
572.75	2.336391437
573	2.293170234
573.25	2.297859327
573.5	2.308868502
573.75	2.331600408
574	2.369317023
574.25	2.424260958
574.5	2.477573904
574.75	2.521610601
575	2.582772681
575.25	2.62833843
575.5	2.673802243
575.75	2.725586137
576	2.783690112
576.25	2.857492355
576.5	2.929663609
576.75	2.980632008
577	3.019164118
577.25	3.034046891
577.5	3.019164118
577.75	2.965749235
578	2.902140673
578.25	2.808053007
578.5	2.660448522
578.75	2.50509684
579	2.363812436
579.25	2.235881753
579.5	2.120489297
579.75	2.062487258
580	2.071865443
580.25	2.125993884
580.5	2.193476045
580.75	2.232721713
581	2.276656473
581.25	2.319062181
581.5	2.369317023
581.75	2.432110092
582	2.509785933
582.25	2.603975535
582.5	2.684811417
582.75	2.784505607
583	2.873190622
583.25	2.944546381
583.5	2.999490316
583.75	3.023853211
584	3.03088685
584.25	3.011314985
584.5	2.964220183
584.75	2.895922528
585	2.829153925
585.25	2.771151886
585.5	2.707543323
585.75	2.636187564
586	2.561569827
586.25	2.487054027
586.5	2.398369011
586.75	2.333231397
587	2.275127421
587.25	2.243730887
587.5	2.235881753
587.75	2.255555556
588	2.32069317
588.25	2.398369011
588.5	2.479204893
588.75	2.552191641
589	2.591437309
589.25	2.644750255
589.5	2.676962283
589.75	2.716207951
590	2.731906218
590.25	2.742099898
590.5	2.746788991
590.75	2.740570846
591	2.724057085
591.25	2.704383282
591.5	2.701325178
591.75	2.70285423
592	2.711518858
592.25	2.730275229
592.5	2.763302752
592.75	2.803261978
593	2.847298675
593.25	2.877879715
593.5	2.894291539
593.75	2.894291539
594	2.877879715
594.25	2.827624873
594.5	2.764831804
594.75	2.665953109
595	2.563200815
595.25	2.471355759
595.5	2.378695209
595.75	2.304179409
596	2.246075433
596.25	2.209989806
596.5	2.184097859
596.75	2.200611621
597	2.240570846
597.25	2.325382263
597.5	2.450152905
597.75	2.600815494
598	2.757798165
598.25	2.886544343
598.5	2.967278287
598.75	2.997961264
599	2.973598369
599.25	2.924974516
599.5	2.842507645
599.75	2.756167176
600	2.685626911
600.25	2.636187564
600.5	2.618858308
600.75	2.614169215
601	2.622018349
601.25	2.612640163
601.5	2.599286442
601.75	2.57961264
602	2.558409786
602.25	2.5490316
602.5	2.563914373
602.75	2.596126402
603	2.641590214
603.25	2.678491335
603.5	2.709174312
603.75	2.704383282
604	2.693476045
604.25	2.678491335
604.5	2.680122324
604.75	2.688685015
605	2.735779817
605.25	2.784505607
605.5	2.832313965
605.75	2.865341488
606	2.86687054
606.25	2.829153925
606.5	2.764831804
606.75	2.670642202
607	2.560040775
607.25	2.436799185
607.5	2.30733945
607.75	2.195107034
608	2.10479103
608.25	2.030275229
608.5	1.991029562
608.75	1.995718654
609	2.054638124
609.25	2.184097859
609.5	2.343425076
609.75	2.539653415
610	2.763302752
610.25	2.972069317
610.5	3.128236493
610.75	3.213761468
611	3.253007136
611.25	3.204383282
611.5	3.128236493
611.75	3.004994903
612	2.85351682
612.25	2.688685015
612.5	2.542711519
612.75	2.443832824
613	2.385015291
613.25	2.352803262
613.5	2.346585117
613.75	2.341794088
614	2.341794088
614.25	2.331600408
614.5	2.313557594
614.75	2.313557594
615	2.312028542
615.25	2.354434251
615.5	2.41243629
615.75	2.487054027
616	2.541182467
616.25	2.607135576
616.5	2.65891947
616.75	2.714576962
617	2.78216106
617.25	2.865341488
617.5	2.938328236
617.75	3.016004077
618	3.06146789
618.25	3.090519878
618.5	3.084301733
618.75	3.055249745
619	3.001121305
619.25	2.924974516
619.5	2.803261978
619.75	2.680122324
620	2.538022426
620.25	2.41559633
620.5	2.315188583
620.75	2.268807339
621	2.249235474
621.25	2.290825688
621.5	2.360652396
621.75	2.436799185
622	2.529459735
622.25	2.620489297
622.5	2.698165138
622.75	2.769520897
623	2.826095821
623.25	2.877879715
623.5	2.913965341
623.75	2.94617737
624	2.938328236
624.25	2.921814475
624.5	2.895922528
624.75	2.851987768
625	2.811926606
625.25	2.775840979
625.5	2.746788991
625.75	2.717737003
626	2.688685015
626.25	2.661264016
626.5	2.614169215
626.75	2.565545362
627	2.509785933
627.25	2.456472987
627.5	2.421100917
627.75	2.41559633
628	2.439959225
628.25	2.488583078
628.5	2.547502548
628.75	2.617329256
629	2.684811417
629.25	2.738939857
629.5	2.775840979
629.75	2.783690112
630	2.779001019
630.25	2.751478084
630.5	2.707543323
630.75	2.652599388
631	2.58980632
631.25	2.519979613
631.5	2.466666667
631.75	2.414067278
632	2.383486239
632.25	2.377166157
632.5	2.389704383
632.75	2.456472987
633	2.521610601
633.25	2.600815494
633.5	2.693476045
633.75	2.759327217
634	2.815086646
634.25	2.836289501
634.5	2.844138634
634.75	2.827624873
635	2.795412844
635.25	2.754638124
635.5	2.707543323
635.75	2.687155963
636	2.661264016
636.25	2.636901121
636.5	2.612640163
636.75	2.59459735
637	2.588277268
637.25	2.573394495
637.5	2.578083588
637.75	2.563200815
638	2.550560652
638.25	2.513761468
638.5	2.468195719
638.75	2.403058104
639	2.326911315
639.25	2.244546381
639.5	2.198980632
639.75	2.144852192
640	2.140163099
640.25	2.170744139
640.5	2.247706422
640.75	2.388175331
641	2.552191641
641.25	2.763302752
641.5	2.936697248
641.75	3.070948012
642	3.131396534
642.25	3.15412844
642.5	3.085830785
642.75	2.996330275
643	2.850356779
643.25	2.661264016
643.5	2.454841998
643.75	2.27196738
644	2.137003058
644.25	2.06401631
644.5	2.070336391
644.75	2.129153925
645	2.235881753
645.25	2.334760449
645.5	2.446992864
645.75	2.558409786
646	2.633027523
646.25	2.676962283
646.5	2.684811417
646.75	2.680122324
647	2.657288481
647.25	2.626707441
647.5	2.611824669
647.75	2.610295617
648	2.618858308
648.25	2.615698267
648.5	2.617329256
648.75	2.617329256
649	2.620489297
649.25	2.629867482
649.5	2.634556575
649.75	2.670642202
650	2.725586137
650.25	2.819775739
650.5	2.923343527
650.75	3.017533129
651	3.081141692
651.25	3.10540265
651.5	3.1
651.75	3.040265036
652	2.94617737
652.25	2.815086646
652.5	2.661264016
652.75	2.516819572
653	2.383486239
653.25	2.279816514
653.5	2.22803262
653.75	2.195107034
654	2.209989806
654.25	2.246075433
654.5	2.296330275
654.75	2.363812436
655	2.450152905
655.25	2.558409786
655.5	2.649439348
655.75	2.74362895
656	2.808766565
656.25	2.847298675
656.5	2.859021407
656.75	2.844138634
657	2.806422018
657.25	2.771151886
657.5	2.746788991
657.75	2.731906218
658	2.737410805
658.25	2.745259939
658.5	2.766462793
658.75	2.772680938
659	2.795412844
659.25	2.804892966
659.5	2.813557594
659.75	2.795412844
660	2.769520897
660.25	2.738939857
660.5	2.693476045
660.75	2.631396534
661	2.556880734
661.25	2.477573904
661.5	2.401529052
661.75	2.333231397
662	2.319062181
662.25	2.337920489
662.5	2.428950051
662.75	2.547502548
663	2.672273191
663.25	2.783690112
663.5	2.888073394
663.75	2.959531091
664	2.99011213
664.25	3.011314985
664.5	2.97675841
664.75	2.899082569
665	2.784505607
665.25	2.636187564
665.5	2.490927625
665.75	2.359123344
666	2.252395515
666.25	2.184097859
666.5	2.13853211
666.75	2.130682977
667	2.159734964
667.25	2.216309888
667.5	2.286136595
667.75	2.383486239
668	2.497247706
668.25	2.626707441
668.5	2.761671764
668.75	2.891233435
669	2.972069317
669.25	3.004179409
669.5	2.999490316
669.75	2.954026504
670	2.888073394
670.25	2.797043833
670.5	2.696534149
670.75	2.596126402
671	2.521610601
671.25	2.485423038
671.5	2.490927625
671.75	2.530988787
672	2.582772681
672.25	2.629867482
672.5	2.662793068
672.75	2.673802243
673	2.660448522
673.25	2.603975535
673.5	2.544342508
673.75	2.506625892
674	2.495616718
674.25	2.487054027
674.5	2.523139653
674.75	2.563200815
675	2.626707441
675.25	2.701325178
675.5	2.784505607
675.75	2.876248726
676	2.954026504
676.25	3.014373089
676.5	3.058409786
676.75	3.070948012
677	3.052905199
677.25	2.997961264
677.5	2.924974516
677.75	2.839449541
678	2.738939857
678.25	2.636187564
678.5	2.518450561
678.75	2.421100917
679	2.341794088
679.25	2.299490316
679.5	2.304179409
679.75	2.322222222
680	2.362283384
680.25	2.409378186
680.5	2.462691131
680.75	2.495616718
681	2.541182467
681.25	2.555351682
681.5	2.574923547
681.75	2.584301733
682	2.588277268
682.25	2.597655454
682.5	2.607135576
682.75	2.62833843
683	2.655759429
683.25	2.696534149
683.5	2.734250765
683.75	2.769520897
684	2.78756371
684.25	2.78216106
684.5	2.761671764
684.75	2.734250765
685	2.707543323
685.25	2.688685015
685.5	2.681651376
685.75	2.695005097
686	2.709174312
686.25	2.698165138
686.5	2.681651376
686.75	2.640061162
687	2.584301733
687.25	2.50509684
687.5	2.41559633
687.75	2.312028542
688	2.237512742
688.25	2.170744139
688.5	2.124464832
688.75	2.120489297
689	2.162895005
689.25	2.246075433
689.5	2.367787971
689.75	2.513761468
690	2.672273191
690.25	2.82293578
690.5	2.949235474
690.75	3.041896024
691	3.108562691
691.25	3.136085627
691.5	3.139245668
691.75	3.107033639
692	3.053618756
692.25	2.98695209
692.5	2.920285423
692.75	2.837818552
693	2.763302752
693.25	2.676962283
693.5	2.584301733
693.75	2.495616718
694	2.407747197
694.25	2.322222222
694.5	2.244546381
694.75	2.195107034
695	2.161365953
695.25	2.132313965
695.5	2.150356779
695.75	2.161365953
696	2.203669725
696.25	2.282976555
696.5	2.362283384
696.75	2.485423038
697	2.62833843
697.25	2.790723751
697.5	2.930479103
697.75	3.028542304
698	3.046585117
698.25	3.022222222
698.5	2.980632008
698.75	2.894291539
699	2.774311927
699.25	2.654230377
699.5	2.544342508
699.75	2.450152905
700	2.39204893
700.25	2.357492355
700.5	2.339449541
700.75	2.323751274
701	2.32069317
701.25	2.35127421
701.5	2.41243629
701.75	2.469724771
702	2.509785933
702.25	2.53567788
702.5	2.54587156
702.75	2.518450561
703	2.462691131
703.25	2.414067278
703.5	2.39520897
703.75	2.393679918
704	2.424260958
704.25	2.485423038
704.5	2.574923547
704.75	2.675433231
705	2.763302752
705.25	2.83312946
705.5	2.892762487
705.75	2.920285423
706	2.928134557
706.25	2.91243629
706.5	2.871559633
706.75	2.801732926
707	2.727217125
707.25	2.640061162
707.5	2.581243629
707.75	2.523139653
708	2.497247706
708.25	2.495616718
708.5	2.512945973
708.75	2.553720693
709	2.591437309
709.25	2.597655454
709.5	2.618858308
709.75	2.612640163
710	2.600815494
710.25	2.565545362
710.5	2.539653415
710.75	2.53567788
711	2.552191641
711.25	2.591437309
711.5	2.664424057
711.75	2.749949032
712	2.808766565
712.25	2.85667686
712.5	2.881753313
712.75	2.886544343
713	2.862181448
713.25	2.818246687
713.5	2.761671764
713.75	2.685626911
714	2.623547401
714.25	2.565545362
714.5	2.529459735
714.75	2.490927625
715	2.485423038
715.25	2.46116208
715.5	2.458002039
715.75	2.439959225
716	2.414067278
716.25	2.391335372
716.5	2.38185525
716.75	2.393679918
717	2.410907238
717.25	2.46116208
717.5	2.541182467
717.75	2.63853211
718	2.74841998
718.25	2.842507645
718.5	2.924974516
718.75	2.985423038
719	3.034046891
719.25	3.052905199
719.5	3.03088685
719.75	2.997961264
720	2.938328236
720.25	2.844138634
720.5	2.727217125
720.75	2.597655454
721	2.454841998
721.25	2.339449541
721.5	2.237512742
721.75	2.174719674
722	2.176248726
722.25	2.211518858
722.5	2.284505607
722.75	2.372477064
723	2.476044852
723.25	2.558409786
723.5	2.626707441
723.75	2.673802243
724	2.685626911
724.25	2.687155963
724.5	2.65891947
724.75	2.643221203
725	2.647910296
725.25	2.683180428
725.5	2.728746177
725.75	2.774311927
726	2.827624873
726.25	2.85351682
726.5	2.850356779
726.75	2.836289501
727	2.78216106
727.25	2.720897044
727.5	2.644750255
727.75	2.571763507
728	2.509785933
728.25	2.46116208
728.5	2.428950051
728.75	2.383486239
729	2.330071356
729.25	2.294801223
729.5	2.237512742
729.75	2.176248726
730	2.14332314
730.25	2.164525994
730.5	2.239041794
730.75	2.348114169
731	2.471355759
731.25	2.62833843
731.5	2.760142712
731.75	2.886544343
732	2.97675841
732.25	3.037206932
732.5	3.052905199
732.75	3.05127421
733	3.008154944
733.25	2.933537207
733.5	2.834658512
733.75	2.714576962
734	2.568603466
734.25	2.435270133
734.5	2.315188583
734.75	2.247706422
735	2.216309888
735.25	2.223343527
735.5	2.260244648
735.75	2.290825688
736	2.343425076
736.25	2.389704383
736.5	2.459531091
736.75	2.524668705
737	2.607135576
737.25	2.695005097
737.5	2.766462793
737.75	2.847298675
738	2.891233435
738.25	2.930479103
738.5	2.943017329
738.75	2.923343527
739	2.879408767
739.25	2.811926606
739.5	2.734250765
739.75	2.652599388
740	2.573394495
740.25	2.508256881
740.5	2.46432212
740.75	2.419571865
741	2.404587156
741.25	2.403058104
741.5	2.417940877
741.75	2.44077472
742	2.454841998
742.25	2.503465851
742.5	2.563200815
742.75	2.651070336
743	2.764831804
743.25	2.865341488
743.5	2.94617737
743.75	3.008154944
744	3.012844037
744.25	2.996330275
744.5	2.955555556
744.75	2.900611621
745	2.839449541
745.25	2.771151886
745.5	2.704383282
745.75	2.63853211
746	2.585932722
746.25	2.547502548
746.5	2.518450561
746.75	2.518450561
747	2.509785933
747.25	2.489398573
747.5	2.483893986
747.75	2.454841998
748	2.424260958
748.25	2.393679918
748.5	2.374006116
748.75	2.359123344
749	2.354434251
749.25	2.357492355
749.5	2.39520897
749.75	2.483893986
750	2.629867482
750.25	2.793883792
750.5	2.930479103
750.75	3.017533129
751	3.040265036
751.25	3.023853211
751.5	2.94138634
751.75	2.797043833
752	2.641590214
752.25	2.482364934
752.5	2.354434251
752.75	2.263404689
753	2.19745158
753.25	2.182568807
753.5	2.206829766
753.75	2.252395515
754	2.315188583
754.25	2.388175331
754.5	2.458002039
754.75	2.542711519
755	2.620489297
755.25	2.704383282
755.5	2.760142712
755.75	2.801732926
756	2.808053007
756.25	2.810397554
756.5	2.798572885
756.75	2.779001019
757	2.742099898
757.25	2.693476045
757.5	2.636901121
757.75	2.571763507
758	2.521610601
758.25	2.480733945
758.5	2.456472987
758.75	2.469724771
759	2.472884811
759.25	2.495616718
759.5	2.524668705
759.75	2.552191641
760	2.58980632
760.25	2.644750255
760.5	2.698165138
760.75	2.756167176
761	2.786034659
761.25	2.804892966
761.5	2.793883792
761.75	2.772680938
762	2.714576962
762.25	2.662793068
762.5	2.617329256
762.75	2.603975535
763	2.581243629
763.25	2.581243629
763.5	2.585932722
763.75	2.59459735
764	2.612640163
764.25	2.636901121
764.5	2.670642202
764.75	2.698165138
765	2.71304791
765.25	2.731906218
765.5	2.730275229
765.75	2.717737003
766	2.676962283
766.25	2.636187564
766.5	2.584301733
766.75	2.516819572
767	2.44077472
767.25	2.385015291
767.5	2.328542304
767.75	2.31049949
768	2.326911315
768.25	2.398369011
768.5	2.541182467
768.75	2.70988787
769	2.86687054
769.25	3.001121305
769.5	3.09520897
769.75	3.147094801
770	3.180020387
770.25	3.195718654
770.5	3.155657492
770.75	3.090519878
771	2.997961264
771.25	2.894291539
771.5	2.779001019
771.75	2.655759429
772	2.512945973
772.25	2.377166157
772.5	2.234352701
772.75	2.072680938
773	2.004383282
773.25	1.907033639
773.5	1.834046891
773.75	1.801121305
774	1.808154944
774.25	1.861569827
774.5	1.958817533
774.75	2.112640163
775	2.304179409
775.25	2.494087666
775.5	2.678491335
775.75	2.836289501
776	2.949235474
776.25	3.041896024
776.5	3.093679918
776.75	3.118042813
777	3.092150866
777.25	3.059938838
777.5	3.016004077
777.75	2.954026504
778	2.888073394
778.25	2.804892966
778.5	2.728746177
778.75	2.65891947
779	2.560040775
779.25	2.46432212
779.5	2.372477064
779.75	2.284505607
780	2.179408767
780.25	2.15351682
780.5	2.10795107
780.75	2.127624873
781	2.177777778
781.25	2.278287462
781.5	2.398369011
781.75	2.532517839
782	2.63853211
782.25	2.714576962
782.5	2.760142712
782.75	2.761671764
783	2.745259939
783.25	2.714576962
783.5	2.695005097
783.75	2.688685015
784	2.714576962
784.25	2.760142712
784.5	2.815086646
784.75	2.873190622
785	2.921814475
785.25	2.961060143
785.5	2.98695209
785.75	2.985423038
786	2.970438328
786.25	2.918654434
786.5	2.863710499
786.75	2.800203874
787	2.70988787
787.25	2.602446483
787.5	2.480733945
787.75	2.365341488
788	2.257084608
788.25	2.191946993
788.5	2.101732926
788.75	2.09459735
789	2.114271152
789.25	2.173088685
789.5	2.266462793
789.75	2.339449541
790	2.428950051
790.25	2.506625892
790.5	2.581243629
790.75	2.660448522
791	2.714576962
791.25	2.780530071
791.5	2.836289501
791.75	2.903771662
792	2.930479103
792.25	2.947706422
792.5	2.943017329
792.75	2.924974516
793	2.905300714
793.25	2.881039755
793.5	2.851987768
793.75	2.810397554
794	2.764831804
794.25	2.695005097
794.5	2.620489297
794.75	2.497247706
795	2.363812436
795.25	2.208460754
795.5	2.036595311
795.75	1.885830785
796	1.811314985
796.25	1.793272171
796.5	1.811314985
796.75	1.861569827
797	1.898470948
797.25	1.991029562
797.5	2.117431193
797.75	2.281447503
798	2.482364934
798.25	2.707543323
798.5	2.905300714
798.75	3.043425076
799	3.150152905
799.25	3.198878695
799.5	3.218450561
799.75	3.180020387
800	3.107033639
800.25	3.023853211
800.5	2.906116208
800.75	2.780530071
801	2.660448522
801.25	2.544342508
801.5	2.446992864
801.75	2.385015291
802	2.355963303
802.25	2.362283384
802.5	2.366972477
802.75	2.377166157
803	2.363812436
803.25	2.323751274
803.5	2.279816514
803.75	2.249235474
804	2.1872579
804.25	2.150356779
804.5	2.093068298
804.75	2.093068298
805	2.135474006
805.25	2.244546381
805.5	2.416411825
805.75	2.615698267
806	2.836289501
806.25	3.016004077
806.5	3.152497452
806.75	3.207441386
807	3.2490316
807.25	3.221610601
807.5	3.148623853
807.75	3.056778797
808	2.917125382
808.25	2.78216106
808.5	2.644750255
808.75	2.512945973
809	2.398369011
809.25	2.308868502
809.5	2.243730887
809.75	2.198980632
810	2.211518858
810.25	2.252395515
810.5	2.315188583
810.75	2.39204893
811	2.459531091
811.25	2.511314985
811.5	2.570234455
811.75	2.63853211
812	2.698165138
812.25	2.759327217
812.5	2.800203874
812.75	2.800203874
813	2.779001019
813.25	2.734250765
813.5	2.687155963
813.75	2.655759429
814	2.644750255
814.25	2.657288481
814.5	2.680122324
814.75	2.695005097
815	2.693476045
815.25	2.675433231
815.5	2.652599388
815.75	2.610295617
816	2.57961264
816.25	2.552191641
816.5	2.521610601
816.75	2.508256881
817	2.511314985
817.25	2.50509684
817.5	2.506625892
817.75	2.534148828
818	2.563200815
818.25	2.602446483
818.5	2.623547401
818.75	2.623547401
819	2.610295617
819.25	2.578083588
819.5	2.537308869
819.75	2.490927625
820	2.446992864
820.25	2.44077472
820.5	2.46432212
820.75	2.498776758
821	2.558409786
821.25	2.622018349
821.5	2.683180428
821.75	2.735779817
822	2.761671764
822.25	2.774311927
822.5	2.74362895
822.75	2.696534149
823	2.62833843
823.25	2.561569827
823.5	2.50509684
823.75	2.480733945
824	2.477573904
824.25	2.519979613
824.5	2.585932722
824.75	2.672273191
825	2.754638124
825.25	2.842507645
825.5	2.903771662
825.75	2.949235474
826	2.972069317
826.25	2.952395515
826.5	2.917125382
826.75	2.851987768
827	2.756167176
827.25	2.651070336
827.5	2.547502548
827.75	2.468195719
828	2.39520897
828.25	2.346585117
828.5	2.331600408
828.75	2.322222222
829	2.341794088
829.25	2.393679918
829.5	2.471355759
829.75	2.587461774
830	2.690316004
830.25	2.797043833
830.5	2.857492355
830.75	2.89745158
831	2.90764526
831.25	2.892762487
831.5	2.86687054
831.75	2.815086646
832	2.761671764
832.25	2.70285423
832.5	2.649439348
832.75	2.591437309
833	2.542711519
833.25	2.500407747
833.5	2.466666667
833.75	2.454841998
834	2.4745158
834.25	2.512945973
834.5	2.560040775
834.75	2.607135576
835	2.629867482
835.25	2.644750255
835.5	2.620489297
835.75	2.591437309
836	2.5490316
836.25	2.530988787
836.5	2.537308869
836.75	2.582772681
837	2.644750255
837.25	2.725586137
837.5	2.801732926
837.75	2.859021407
838	2.883384302
838.25	2.889602446
838.5	2.876248726
838.75	2.824464832
839	2.774311927
839.25	2.687155963
839.5	2.612640163
839.75	2.518450561
840	2.453312946
840.25	2.398369011
840.5	2.374006116
840.75	2.370846075
841	2.393679918
841.25	2.432110092
841.5	2.472884811
841.75	2.50509684
842	2.550560652
842.25	2.576452599
842.5	2.618858308
842.75	2.680122324
843	2.771151886
843.25	2.859021407
843.5	2.944546381
843.75	2.999490316
844	3.023853211
844.25	3.035575943
844.5	3.017533129
844.75	2.95637105
845	2.877879715
845.25	2.780530071
845.5	2.680122324
845.75	2.59459735
846	2.516819572
846.25	2.446992864
846.5	2.403058104
846.75	2.339449541
847	2.296330275
847.25	2.264933741
847.5	2.229663609
847.75	2.213149847
848	2.213149847
848.25	2.250764526
848.5	2.325382263
848.75	2.421100917
849	2.560040775
849.25	2.695005097
849.5	2.813557594
849.75	2.909276249
850	2.980632008
850.25	3.016004077
850.5	3.004179409
850.75	2.97675841
851	2.903771662
851.25	2.816615698
851.5	2.716207951
851.75	2.615698267
852	2.529459735
852.25	2.448623853
852.5	2.369317023
852.75	2.297859327
853	2.257084608
853.25	2.242201835
853.5	2.242201835
853.75	2.278287462
854	2.339449541
854.25	2.422629969
854.5	2.518450561
854.75	2.620489297
855	2.73343527
855.25	2.832313965
855.5	2.895922528
855.75	2.944546381
856	2.939857288
856.25	2.917125382
856.5	2.881039755
856.75	2.800203874
857	2.734250765
857.25	2.652599388
857.5	2.582772681
857.75	2.527828746
858	2.488583078
858.25	2.445463812
858.5	2.406218145
858.75	2.369317023
859	2.343425076
859.25	2.323751274
859.5	2.352803262
859.75	2.409378186
860	2.509785933
860.25	2.631396534
860.5	2.737410805
860.75	2.824464832
861	2.891233435
861.25	2.935168196
861.5	2.939857288
861.75	2.933537207
862	2.90764526
862.25	2.877879715
862.5	2.83312946
862.75	2.777370031
863	2.71304791
863.25	2.646381244
863.5	2.571763507
863.75	2.506625892
864	2.451681957
864.25	2.409378186
864.5	2.391335372
864.75	2.380326198
865	2.372477064
865.25	2.393679918
865.5	2.432110092
865.75	2.488583078
866	2.560040775
866.25	2.623547401
866.5	2.676962283
866.75	2.701325178
867	2.731906218
867.25	2.74362895
867.5	2.761671764
867.75	2.780530071
868	2.786034659
868.25	2.774311927
868.5	2.746788991
868.75	2.714576962
869	2.681651376
869.25	2.665953109
869.5	2.660448522
869.75	2.664424057
870	2.644750255
870.25	2.614169215
870.5	2.568603466
870.75	2.521610601
871	2.471355759
871.25	2.424260958
871.5	2.385015291
871.75	2.357492355
872	2.354434251
872.25	2.377166157
872.5	2.44077472
872.75	2.521610601
873	2.620489297
873.25	2.731906218
873.5	2.826095821
873.75	2.906116208
874	2.957900102
874.25	2.980632008
874.5	2.973598369
874.75	2.929663609
875	2.85667686
875.25	2.74841998
875.5	2.633027523
875.75	2.521610601
876	2.424260958
876.25	2.346585117
876.5	2.30733945
876.75	2.313557594
877	2.326911315
877.25	2.378695209
877.5	2.466666667
877.75	2.576452599
878	2.701325178
878.25	2.808053007
878.5	2.920285423
878.75	2.983792049
879	3.014373089
879.25	3.009683996
879.5	2.95637105
879.75	2.860550459
880	2.760142712
880.25	2.63853211
880.5	2.519979613
880.75	2.398369011
881	2.316717635
881.25	2.232721713
881.5	2.15351682
881.75	2.127624873
882	2.111111111
882.25	2.106422018
882.5	2.179408767
882.75	2.30733945
883	2.456472987
883.25	2.615698267
883.5	2.777370031
883.75	2.91243629
884	3.006523955
884.25	3.056778797
884.5	3.087359837
884.75	3.079510703
885	3.027013252
885.25	2.952395515
885.5	2.86687054
885.75	2.761671764
886	2.667584098
886.25	2.568603466
886.5	2.497247706
886.75	2.436799185
887	2.404587156
887.25	2.393679918
887.5	2.409378186
887.75	2.458002039
888	2.494087666
888.25	2.555351682
888.5	2.618858308
888.75	2.670642202
889	2.737410805
889.25	2.784505607
889.5	2.811926606
889.75	2.821406728
890	2.803261978
890.25	2.756167176
890.5	2.709174312
890.75	2.646381244
891	2.582772681
891.25	2.524668705
891.5	2.485423038
891.75	2.492558614
892	2.519979613
892.25	2.581243629
892.5	2.65891947
892.75	2.740570846
893	2.793883792
893.25	2.816615698
893.5	2.808766565
893.75	2.766462793
894	2.711518858
894.25	2.62833843
894.5	2.563914373
894.75	2.509785933
895	2.459531091
895.25	2.409378186
895.5	2.363812436
895.75	2.322222222
896	2.299490316
896.25	2.31049949
896.5	2.339449541
896.75	2.383486239
897	2.445463812
897.25	2.526299694
897.5	2.605504587
897.75	2.695005097
898	2.772680938
898.25	2.824464832
898.5	2.850356779
898.75	2.884913354
899	2.860550459
899.25	2.840978593
899.5	2.774311927
899.75	2.696534149
900	2.634556575
900.25	2.57961264
900.5	2.5490316
900.75	2.506625892
901	2.480733945
901.25	2.459531091
901.5	2.453312946
901.75	2.46116208
902	2.494087666
902.25	2.529459735
902.5	2.570234455
902.75	2.59459735
903	2.614169215
903.25	2.62833843
903.5	2.643221203
903.75	2.651070336
904	2.664424057
904.25	2.670642202
904.5	2.672273191
904.75	2.664424057
905	2.636187564
905.25	2.603975535
905.5	2.574923547
905.75	2.556880734
906	2.567074414
906.25	2.588277268
906.5	2.644750255
906.75	2.70988787
907	2.766462793
907.25	2.790723751
907.5	2.795412844
907.75	2.763302752
908	2.709174312
908.25	2.634556575
908.5	2.541182467
908.75	2.46116208
909	2.399898063
909.25	2.362283384
909.5	2.349643221
909.75	2.365341488
910	2.393679918
910.25	2.422629969
910.5	2.468195719
910.75	2.487054027
911	2.512945973
911.25	2.519979613
911.5	2.529459735
911.75	2.5490316
912	2.568603466
912.25	2.602446483
912.5	2.631396534
912.75	2.680122324
913	2.706014271
913.25	2.759327217
913.5	2.808053007
913.75	2.848827727
914	2.874719674
914.25	2.874719674
914.5	2.85667686
914.75	2.810397554
915	2.767991845
915.25	2.724057085
915.5	2.691845056
915.75	2.652599388
916	2.618858308
916.25	2.574923547
916.5	2.539653415
916.75	2.488583078
917	2.433639144
917.25	2.375637105
917.5	2.331600408
917.75	2.284505607
918	2.260244648
918.25	2.2617737
918.5	2.289296636
918.75	2.380326198
919	2.524668705
919.25	2.722426096
919.5	2.909276249
919.75	3.066258919
920	3.124260958
920.25	3.157288481
920.5	3.129765545
920.75	3.043425076
921	2.899082569
921.25	2.70988787
921.5	2.494087666
921.75	2.297859327
922	2.171559633
922.25	2.086748216
922.5	2.053007136
922.75	2.072680938
923	2.096228338
923.25	2.129153925
923.5	2.158205912
923.75	2.184097859
924	2.21783894
924.25	2.253924567
924.5	2.308868502
924.75	2.380326198
925	2.462691131
925.25	2.565545362
925.5	2.675433231
925.75	2.801732926
926	2.91243629
926.25	3.004179409
926.5	3.067787971
926.75	3.111722732
927	3.114882773
927.25	3.096839959
927.5	3.032517839
927.75	2.936697248
928	2.810397554
928.25	2.657288481
928.5	2.509785933
928.75	2.375637105
929	2.278287462
929.25	2.235881753
929.5	2.223343527
929.75	2.231192661
930	2.252395515
930.25	2.287665647
930.5	2.331600408
930.75	2.372477064
931	2.428950051
931.25	2.479204893
931.5	2.539653415
931.75	2.584301733
932	2.615698267
932.25	2.63853211
932.5	2.65891947
932.75	2.667584098
933	2.680122324
933.25	2.71304791
933.5	2.757798165
933.75	2.821406728
934	2.884913354
934.25	2.962589195
934.5	3.034046891
934.75	3.081141692
935	3.126605505
935.25	3.136085627
935.5	3.077166157
935.75	2.997961264
936	2.879408767
936.25	2.728746177
936.5	2.555351682
936.75	2.375637105
937	2.243730887
937.25	2.137003058
937.5	2.042813456
937.75	2.004383282
938	2.004383282
938.25	2.044444444
938.5	2.115800204
938.75	2.252395515
939	2.398369011
939.25	2.537308869
939.5	2.649439348
939.75	2.745259939
940	2.810397554
940.25	2.862181448
940.5	2.894291539
940.75	2.902140673
941	2.899082569
941.25	2.883384302
941.5	2.85351682
941.75	2.806422018
942	2.745259939
942.25	2.684811417
942.5	2.602446483
942.75	2.537308869
943	2.489398573
943.25	2.471355759
943.5	2.489398573
943.75	2.530988787
944	2.591437309
944.25	2.662793068
944.5	2.716207951
944.75	2.757798165
945	2.779001019
945.25	2.777370031
945.5	2.767991845
945.75	2.742099898
946	2.696534149
946.25	2.652599388
946.5	2.585932722
946.75	2.532517839
947	2.4745158
947.25	2.419571865
947.5	2.386544343
947.75	2.362283384
948	2.346585117
948.25	2.341794088
948.5	2.362283384
948.75	2.407747197
949	2.487054027
949.25	2.561569827
949.5	2.657288481
949.75	2.74841998
950	2.824464832
950.25	2.886544343
950.5	2.923343527
950.75	2.938328236
951	2.938328236
951.25	2.920285423
951.5	2.886544343
951.75	2.848827727
952	2.801732926
952.25	2.767991845
952.5	2.725586137
952.75	2.673802243
953	2.612640163
953.25	2.524668705
953.5	2.446992864
953.75	2.354434251
954	2.275127421
954.25	2.206829766
954.5	2.173088685
954.75	2.158205912
955	2.176248726
955.25	2.19745158
955.5	2.244546381
955.75	2.296330275
956	2.349643221
956.25	2.407747197
956.5	2.46116208
956.75	2.537308869
957	2.614169215
957.25	2.706014271
957.5	2.795412844
957.75	2.877879715
958	2.947706422
958.25	2.970438328
958.5	3.002650357
958.75	3.004994903
959	3.001121305
959.25	2.991641182
959.5	2.952395515
959.75	2.91243629
960	2.86687054
960.25	2.803261978
960.5	2.731906218
960.75	2.646381244
961	2.550560652
961.25	2.442303772
961.5	2.337920489
961.75	2.237512742
962	2.155045872
962.25	2.083690112
962.5	2.047502548
962.75	2.047502548
963	2.07420999
963.25	2.132313965
963.5	2.205300714
963.75	2.284505607
964	2.348114169
964.25	2.404587156
964.5	2.468195719
964.75	2.530988787
965	2.603975535
965.25	2.693476045
965.5	2.79235474
965.75	2.889602446
966	2.988481142
966.25	3.066258919
966.5	3.1
966.75	3.139245668
967	3.128236493
967.25	3.113251784
967.5	3.055249745
967.75	2.973598369
968	2.883384302
968.25	2.784505607
968.5	2.667584098
968.75	2.523139653
969	2.385015291
969.25	2.235881753
969.5	2.091539246
969.75	2.007543323
970	1.947094801
970.25	1.925076453
970.5	1.965137615
970.75	1.975331295
971	2.015392457
971.25	2.049847095
971.5	2.112640163
971.75	2.211518858
972	2.341794088
972.25	2.523139653
972.5	2.701325178
972.75	2.873190622
973	2.95637105
973.25	3.011314985
973.5	3.067787971
973.75	3.165137615
974	3.176860347
974.25	3.10540265
974.5	3.002650357
974.75	2.871559633
975	2.685626911
975.25	2.527828746
975.5	2.370846075
975.75	2.243730887
976	2.151885831
976.25	2.117431193
976.5	2.106422018
976.75	2.129153925
977	2.151885831
977.25	2.173088685
977.5	2.206829766
977.75	2.242201835
978	2.270438328
978.25	2.301019368
978.5	2.35127421
978.75	2.380326198
979	2.42579001
979.25	2.4745158
979.5	2.538022426
979.75	2.620489297
980	2.725586137
980.25	2.815086646
980.5	2.888073394
980.75	2.936697248
981	2.920285423
981.25	2.889602446
981.5	2.855147808
981.75	2.797043833
982	2.722426096
982.25	2.665953109
982.5	2.649439348
982.75	2.655759429
983	2.691845056
983.25	2.734250765
983.5	2.756167176
983.75	2.754638124
984	2.74362895
984.25	2.683180428
984.5	2.618858308
984.75	2.527828746
985	2.459531091
985.25	2.407747197
985.5	2.389704383
985.75	2.393679918
986	2.404587156
986.25	2.42579001
986.5	2.465035678
986.75	2.50509684
987	2.567074414
987.25	2.636187564
987.5	2.71304791
987.75	2.780530071
988	2.842507645
988.25	2.865341488
988.5	2.855147808
988.75	2.840978593
989	2.810397554
989.25	2.775840979
989.5	2.727217125
989.75	2.680122324
990	2.631396534
990.25	2.599286442
990.5	2.573394495
990.75	2.563200815
991	2.573394495
991.25	2.585932722
991.5	2.588277268
991.75	2.605504587
992	2.599286442
992.25	2.591437309
992.5	2.57961264
992.75	2.556880734
993	2.521610601
993.25	2.489398573
993.5	2.450152905
993.75	2.398369011
994	2.360652396
994.25	2.35127421
994.5	2.380326198
994.75	2.443832824
995	2.553720693
995.25	2.681651376
995.5	2.798572885
995.75	2.895922528
996	2.952395515
996.25	2.968909276
996.5	2.967278287
996.75	2.938328236
997	2.902140673
997.25	2.848827727
997.5	2.815086646
997.75	2.810397554
998	2.808053007
998.25	2.78216106
998.5	2.745259939
998.75	2.681651376
999	2.581243629
999.25	2.469724771
999.5	2.346585117
999.75	2.216309888
1000	2.124464832
1000.25	2.025586137
1000.5	1.949439348
1000.75	1.861569827
1001	1.866258919
1001.25	1.907033639
1001.5	1.957288481
1001.75	2.016921509
1002	2.106422018
1002.25	2.209989806
1002.5	2.359123344
1002.75	2.54587156
1003	2.774311927
1003.25	3.008154944
1003.5	3.210601427
1003.75	3.312640163
1004	3.346381244
1004.25	3.317329256
1004.5	3.249847095
1004.75	3.155657492
1005	2.979918451
1005.25	2.764831804
1005.5	2.550560652
1005.75	2.365341488
1006	2.25861366
1006.25	2.195820591
1006.5	2.118960245
1006.75	2.101732926
1007	2.049847095
1007.25	2.067176351
1007.5	2.059327217
1007.75	2.07420999
1008	2.10795107
1008.25	2.159734964
1008.5	2.242201835
1008.75	2.355963303
1009	2.465035678
1009.25	2.574923547
1009.5	2.687155963
1009.75	2.772680938
1010	2.847298675
1010.25	2.881753313
1010.5	2.90764526
1010.75	2.923343527
1011	2.926503568
1011.25	2.933537207
1011.5	2.936697248
1011.75	2.94617737
1012	2.921814475
1012.25	2.873190622
1012.5	2.760142712
1012.75	2.631396534
1013	2.503465851
1013.25	2.39520897
1013.5	2.323751274
1013.75	2.287665647
1014	2.294801223
1014.25	2.334760449
1014.5	2.41243629
1014.75	2.503465851
1015	2.597655454
1015.25	2.662793068
1015.5	2.709174312
1015.75	2.74362895
1016	2.725586137
1016.25	2.709174312
1016.5	2.65891947
1016.75	2.629867482
1017	2.610295617
1017.25	2.605504587
1017.5	2.603975535
1017.75	2.596126402
1018	2.573394495
1018.25	2.538022426
1018.5	2.472884811
1018.75	2.407747197
1019	2.343425076
1019.25	2.282976555
1019.5	2.266462793
1019.75	2.286136595
1020	2.349643221
1020.25	2.432110092
1020.5	2.534148828
1020.75	2.629867482
1021	2.696534149
1021.25	2.764831804
1021.5	2.797043833
1021.75	2.818246687
1022	2.804892966
1022.25	2.775840979
1022.5	2.735779817
1022.75	2.685626911
1023	2.643221203
1023.25	2.623547401
1023.5	2.617329256
1023.75	2.644750255
1024	2.678491335
1024.25	2.711518858
1024.5	2.731906218
1024.75	2.745259939
1025	2.74362895
1025.25	2.725586137
1025.5	2.709174312
1025.75	2.678491335
1026	2.649439348
1026.25	2.631396534
1026.5	2.618858308
1026.75	2.617329256
1027	2.617329256
1027.25	2.633027523
1027.5	2.670642202
1027.75	2.722426096
1028	2.767991845
1028.25	2.811926606
1028.5	2.815086646
1028.75	2.827624873
1029	2.801732926
1029.25	2.753109072
1029.5	2.678491335
1029.75	2.578083588
1030	2.458002039
1030.25	2.367787971
1030.5	2.297859327
1030.75	2.252395515
1031	2.266462793
1031.25	2.336391437
1031.5	2.451681957
1031.75	2.599286442
1032	2.731906218
1032.25	2.850356779
1032.5	2.938328236
1032.75	2.98695209
1033	3.008154944
1033.25	3.004994903
1033.5	2.967278287
1033.75	2.886544343
1034	2.777370031
1034.25	2.654230377
1034.5	2.547502548
1034.75	2.451681957
1035	2.398369011
1035.25	2.393679918
1035.5	2.403058104
1035.75	2.448623853
1036	2.490927625
1036.25	2.553720693
1036.5	2.603975535
1036.75	2.644750255
1037	2.681651376
1037.25	2.70285423
1037.5	2.716207951
1037.75	2.725586137
1038	2.731906218
1038.25	2.728746177
1038.5	2.724057085
1038.75	2.727217125
1039	2.714576962
1039.25	2.69969419
1039.5	2.675433231
1039.75	2.651070336
1040	2.62833843
1040.25	2.599286442
1040.5	2.585932722
1040.75	2.582772681
1041	2.588277268
1041.25	2.615698267
1041.5	2.655759429
1041.75	2.717737003
1042	2.767991845
1042.25	2.816615698
1042.5	2.847298675
1042.75	2.842507645
1043	2.808053007
1043.25	2.742099898
1043.5	2.644750255
1043.75	2.519979613
1044	2.41243629
1044.25	2.304179409
1044.5	2.220183486
1044.75	2.15351682
1045	2.109582059
1045.25	2.100101937
1045.5	2.111111111
1045.75	2.155045872
1046	2.209989806
1046.25	2.266462793
1046.5	2.343425076
1046.75	2.430479103
1047	2.550560652
1047.25	2.678491335
1047.5	2.798572885
1047.75	2.917125382
1048	2.982262997
1048.25	3.02069317
1048.5	3.034046891
1048.75	3.025382263
1049	2.978287462
1049.25	2.933537207
1049.5	2.871559633
1049.75	2.824464832
1050	2.771151886
1050.25	2.728746177
1050.5	2.680122324
1050.75	2.634556575
1051	2.585932722
1051.25	2.511314985
1051.5	2.438328236
1051.75	2.349643221
1052	2.263404689
1052.25	2.176248726
1052.5	2.120489297
1052.75	2.067176351
1053	2.067176351
1053.25	2.078899083
1053.5	2.112640163
1053.75	2.184097859
1054	2.268093782
1054.25	2.366972477
1054.5	2.501936799
1054.75	2.654230377
1055	2.804892966
1055.25	2.936697248
1055.5	3.032517839
1055.75	3.081141692
1056	3.113251784
1056.25	3.11019368
1056.5	3.079510703
1056.75	3.009683996
1057	2.928134557
1057.25	2.82293578
1057.5	2.670642202
1057.75	2.537308869
1058	2.39520897
1058.25	2.27196738
1058.5	2.164525994
1058.75	2.096228338
1059	2.060856269
1059.25	2.068705403
1059.5	2.07420999
1059.75	2.117431193
1060	2.170744139
1060.25	2.243730887
1060.5	2.330071356
1060.75	2.438328236
1061	2.526299694
1061.25	2.620489297
1061.5	2.690316004
1061.75	2.746788991
1062	2.780530071
1062.25	2.806422018
1062.5	2.821406728
1062.75	2.827624873
1063	2.811926606
1063.25	2.808053007
1063.5	2.790723751
1063.75	2.764831804
1064	2.751478084
1064.25	2.761671764
1064.5	2.764831804
1064.75	2.775840979
1065	2.786034659
1065.25	2.779001019
1065.5	2.757798165
1065.75	2.696534149
1066	2.629867482
1066.25	2.552191641
1066.5	2.46116208
1066.75	2.374006116
1067	2.286136595
1067.25	2.206829766
1067.5	2.148827727
1067.75	2.096941896
1068	2.068705403
1068.25	2.06401631
1068.5	2.098572885
1068.75	2.161365953
1069	2.273598369
1069.25	2.424260958
1069.5	2.58980632
1069.75	2.74841998
1070	2.884913354
1070.25	2.98695209
1070.5	3.023853211
1070.75	3.029357798
1071	2.993272171
1071.25	2.926503568
1071.5	2.821406728
1071.75	2.701325178
1072	2.607135576
1072.25	2.519979613
1072.5	2.454841998
1072.75	2.422629969
1073	2.409378186
1073.25	2.432110092
1073.5	2.480733945
1073.75	2.547502548
1074	2.605504587
1074.25	2.661264016
1074.5	2.696534149
1074.75	2.730275229
1075	2.737410805
1075.25	2.727217125
1075.5	2.716207951
1075.75	2.701325178
1076	2.676962283
1076.25	2.641590214
1076.5	2.611824669
1076.75	2.555351682
1077	2.500407747
1077.25	2.443832824
1077.5	2.401529052
1077.75	2.377166157
1078	2.365341488
1078.25	2.38185525
1078.5	2.410907238
1078.75	2.469724771
1079	2.544342508
1079.25	2.625178389
1079.5	2.720897044
1079.75	2.824464832
1080	2.905300714
1080.25	2.982262997
1080.5	3.02069317
1080.75	3.02069317
1081	2.97675841
1081.25	2.924974516
1081.5	2.860550459
1081.75	2.78756371
1082	2.709174312
1082.25	2.634556575
1082.5	2.568603466
1082.75	2.50509684
1083	2.46116208
1083.25	2.428950051
1083.5	2.396738022
1083.75	2.377166157
1084	2.369317023
1084.25	2.369317023
1084.5	2.372477064
1084.75	2.401529052
1085	2.428950051
1085.25	2.439959225
1085.5	2.450152905
1085.75	2.456472987
1086	2.433639144
1086.25	2.424260958
1086.5	2.432110092
1086.75	2.46116208
1087	2.503465851
1087.25	2.563200815
1087.5	2.640061162
1087.75	2.719367992
1088	2.783690112
1088.25	2.836289501
1088.5	2.889602446
1088.75	2.91243629
1089	2.920285423
1089.25	2.89745158
1089.5	2.851987768
1089.75	2.774311927
1090	2.675433231
1090.25	2.57961264
1090.5	2.477573904
1090.75	2.421100917
1091	2.380326198
1091.25	2.377166157
1091.5	2.391335372
1091.75	2.401529052
1092	2.417940877
1092.25	2.421100917
1092.5	2.39520897
1092.75	2.362283384
1093	2.325382263
1093.25	2.290825688
1093.5	2.284505607
1093.75	2.281447503
1094	2.29235474
1094.25	2.325382263
1094.5	2.365341488
1094.75	2.409378186
1095	2.480733945
1095.25	2.573394495
1095.5	2.665953109
1095.75	2.761671764
1096	2.850356779
1096.25	2.903771662
1096.5	2.935168196
1096.75	2.954026504
1097	2.959531091
1097.25	2.954026504
1097.5	2.943017329
1097.75	2.929663609
1098	2.921814475
1098.25	2.894291539
1098.5	2.85351682
1098.75	2.78216106
1099	2.69969419
1099.25	2.603975535
1099.5	2.488583078
1099.75	2.370846075
1100	2.270438328
1100.25	2.193476045
1100.5	2.135474006
1100.75	2.111111111
1101	2.114271152
1101.25	2.145667686
1101.5	2.224872579
1101.75	2.34108053
1102	2.476044852
1102.25	2.607135576
1102.5	2.711518858
1102.75	2.801732926
1103	2.870030581
1103.25	2.930479103
1103.5	2.964220183
1103.75	3.006523955
1104	3.022222222
1104.25	3.016004077
1104.5	2.970438328
1104.75	2.892762487
1105	2.78756371
1105.25	2.655759429
1105.5	2.500407747
1105.75	2.365341488
1106	2.268807339
1106.25	2.209989806
1106.5	2.224872579
1106.75	2.266462793
1107	2.326911315
1107.25	2.409378186
1107.5	2.480733945
1107.75	2.544342508
1108	2.591437309
1108.25	2.617329256
1108.5	2.647910296
1108.75	2.676962283
1109	2.717737003
1109.25	2.74362895
1109.5	2.775840979
1109.75	2.803261978
1110	2.819775739
1110.25	2.829153925
1110.5	2.836289501
1110.75	2.808053007
1111	2.730275229
1111.25	2.640061162
1111.5	2.519979613
1111.75	2.391335372
1112	2.304179409
1112.25	2.231192661
1112.5	2.208460754
1112.75	2.239041794
1113	2.268807339
1113.25	2.308868502
1113.5	2.331600408
1113.75	2.357492355
1114	2.399898063
1114.25	2.443832824
1114.5	2.50509684
1114.75	2.59459735
1115	2.687155963
1115.25	2.784505607
1115.5	2.863710499
1115.75	2.910805301
1116	2.918654434
1116.25	2.920285423
1116.5	2.895922528
1116.75	2.845667686
1117	2.810397554
1117.25	2.769520897
1117.5	2.753109072
1117.75	2.745259939
1118	2.730275229
1118.25	2.709174312
1118.5	2.665953109
1118.75	2.592966361
1119	2.488583078
1119.25	2.375637105
1119.5	2.289296636
1119.75	2.214678899
1120	2.216309888
1120.25	2.247706422
1120.5	2.302650357
1120.75	2.393679918
1121	2.488583078
1121.25	2.555351682
1121.5	2.591437309
1121.75	2.597655454
1122	2.582772681
1122.25	2.563914373
1122.5	2.54587156
1122.75	2.558409786
1123	2.573394495
1123.25	2.599286442
1123.5	2.633027523
1123.75	2.65891947
1124	2.678491335
1124.25	2.691845056
1124.5	2.69969419
1124.75	2.709174312
1125	2.71304791
1125.25	2.714576962
1125.5	2.706014271
1125.75	2.676962283
1126	2.636901121
1126.25	2.57961264
1126.5	2.51529052
1126.75	2.453312946
1127	2.407747197
1127.25	2.39204893
1127.5	2.398369011
1127.75	2.439959225
1128	2.492558614
1128.25	2.555351682
1128.5	2.611824669
1128.75	2.657288481
1129	2.683180428
1129.25	2.678491335
1129.5	2.652599388
1129.75	2.610295617
1130	2.558409786
1130.25	2.495616718
1130.5	2.438328236
1130.75	2.399898063
1131	2.39204893
1131.25	2.398369011
1131.5	2.436799185
1131.75	2.477573904
1132	2.534148828
1132.25	2.576452599
1132.5	2.605504587
1132.75	2.631396534
1133	2.634556575
1133.25	2.633027523
1133.5	2.618858308
1133.75	2.622018349
1134	2.640061162
1134.25	2.676962283
1134.5	2.751478084
1134.75	2.826095821
1135	2.883384302
1135.25	2.918654434
1135.5	2.915494393
1135.75	2.859021407
1136	2.777370031
1136.25	2.673802243
1136.5	2.547502548
1136.75	2.406218145
1137	2.279816514
1137.25	2.166055046
1137.5	2.077370031
1137.75	2.023955148
1138	1.972986748
1138.25	1.983180428
1138.5	1.992558614
1138.75	2.057696228
1139	2.190417941
1139.25	2.378695209
1139.5	2.587461774
1139.75	2.784505607
1140	2.943017329
1140.25	3.052905199
1140.5	3.077166157
1140.75	3.077981651
1141	3.041896024
1141.25	2.957900102
1141.5	2.847298675
1141.75	2.737410805
1142	2.647910296
1142.25	2.567074414
1142.5	2.494087666
1142.75	2.433639144
1143	2.389704383
1143.25	2.343425076
1143.5	2.319062181
1143.75	2.325382263
1144	2.359123344
1144.25	2.39520897
1144.5	2.454841998
1144.75	2.508256881
1145	2.563914373
1145.25	2.597655454
1145.5	2.618858308
1145.75	2.640061162
1146	2.655759429
1146.25	2.690316004
1146.5	2.720897044
1146.75	2.774311927
1147	2.827624873
1147.25	2.874719674
1147.5	2.889602446
1147.75	2.905300714
1148	2.883384302
1148.25	2.863710499
1148.5	2.82293578
1148.75	2.763302752
1149	2.693476045
1149.25	2.633027523
1149.5	2.588277268
1149.75	2.532517839
1150	2.482364934
1150.25	2.422629969
1150.5	2.375637105
1150.75	2.315188583
1151	2.282976555
1151.25	2.297859327
1151.5	2.355963303
1151.75	2.436799185
1152	2.534148828
1152.25	2.618858308
1152.5	2.683180428
1152.75	2.74362895
1153	2.775840979
1153.25	2.777370031
1153.5	2.769520897
1153.75	2.771151886
1154	2.764831804
1154.25	2.751478084
1154.5	2.730275229
1154.75	2.709174312
1155	2.66911315
1155.25	2.631396534
1155.5	2.59459735
1155.75	2.560040775
1156	2.523139653
1156.25	2.485423038
1156.5	2.436799185
1156.75	2.389704383
1157	2.363812436
1157.25	2.385015291
1157.5	2.450152905
1157.75	2.513761468
1158	2.58980632
1158.25	2.651070336
1158.5	2.701325178
1158.75	2.716207951
1159	2.711518858
1159.25	2.711518858
1159.5	2.706014271
1159.75	2.693476045
1160	2.681651376
1160.25	2.670642202
1160.5	2.655759429
1160.75	2.629867482
1161	2.596126402
1161.25	2.561569827
1161.5	2.526299694
1161.75	2.506625892
1162	2.529459735
1162.25	2.563914373
1162.5	2.623547401
1162.75	2.665953109
1163	2.714576962
1163.25	2.753109072
1163.5	2.761671764
1163.75	2.760142712
1164	2.742099898
1164.25	2.720897044
1164.5	2.698165138
1164.75	2.667584098
1165	2.626707441
1165.25	2.573394495
1165.5	2.513761468
1165.75	2.453312946
1166	2.403058104
1166.25	2.359123344
1166.5	2.336391437
1166.75	2.339449541
1167	2.357492355
1167.25	2.414067278
1167.5	2.454841998
1167.75	2.498776758
1168	2.547502548
1168.25	2.574923547
1168.5	2.614169215
1168.75	2.664424057
1169	2.698165138
1169.25	2.740570846
1169.5	2.763302752
1169.75	2.763302752
1170	2.757798165
1170.25	2.724057085
1170.5	2.680122324
1170.75	2.652599388
1171	2.614169215
1171.25	2.614169215
1171.5	2.614169215
1171.75	2.640061162
1172	2.654230377
1172.25	2.680122324
1172.5	2.704383282
1172.75	2.711518858
1173	2.704383282
1173.25	2.673802243
1173.5	2.617329256
1173.75	2.565545362
1174	2.526299694
1174.25	2.482364934
1174.5	2.459531091
1174.75	2.448623853
1175	2.446992864
1175.25	2.456472987
1175.5	2.501936799
1175.75	2.567074414
1176	2.631396534
1176.25	2.683180428
1176.5	2.714576962
1176.75	2.731906218
1177	2.737410805
1177.25	2.734250765
1177.5	2.735779817
1177.75	2.725586137
1178	2.70285423
1178.25	2.662793068
1178.5	2.617329256
1178.75	2.556880734
1179	2.495616718
1179.25	2.442303772
1179.5	2.430479103
1179.75	2.450152905
1180	2.513761468
1180.25	2.607135576
1180.5	2.717737003
1180.75	2.826095821
1181	2.90764526
1181.25	2.962589195
1181.5	3.002650357
1181.75	3.006523955
1182	2.982262997
1182.25	2.943017329
1182.5	2.888073394
1182.75	2.79235474
1183	2.696534149
1183.25	2.611824669
1183.5	2.534148828
1183.75	2.46432212
1184	2.393679918
1184.25	2.323751274
1184.5	2.270438328
1184.75	2.22803262
1185	2.19745158
1185.25	2.216309888
1185.5	2.266462793
1185.75	2.316717635
1186	2.369317023
1186.25	2.385015291
1186.5	2.39204893
1186.75	2.383486239
1187	2.357492355
1187.25	2.349643221
1187.5	2.349643221
1187.75	2.396738022
1188	2.527828746
1188.25	2.670642202
1188.5	2.830784913
1188.75	2.959531091
1189	3.048114169
1189.25	3.09520897
1189.5	3.074108053
1189.75	3.014373089
1190	2.920285423
1190.25	2.790723751
1190.5	2.643221203
1190.75	2.4745158
1191	2.331600408
1191.25	2.209989806
1191.5	2.112640163
1191.75	2.015392457
1192	1.971457696
1192.25	1.98950051
1192.5	2.028746177
1192.75	2.096941896
1193	2.176248726
1193.25	2.244546381
1193.5	2.333231397
1193.75	2.422629969
1194	2.521610601
1194.25	2.615698267
1194.5	2.731906218
1194.75	2.818246687
1195	2.877879715
1195.25	2.913965341
1195.5	2.938328236
1195.75	2.930479103
1196	2.905300714
1196.25	2.860550459
1196.5	2.815086646
1196.75	2.761671764
1197	2.701325178
1197.25	2.640061162
1197.5	2.574923547
1197.75	2.526299694
1198	2.500407747
1198.25	2.477573904
1198.5	2.471355759
1198.75	2.471355759
1199	2.485423038
1199.25	2.498776758
1199.5	2.534148828
1199.75	2.59459735
